6440320162080
2
416003200020
356
1603264240080
67
6403240162081
147
1603264204800
85
320160204000
87
4032641602081
157
0328642400161
067
6424320800161
467
6403228040160
7
2032641684001
817
400320160200
12
6483202160041
367
0641632408201
085
6482032160040
67
6403202081641
135
2644320800161
467
2016643208040
7
322000400160
2367
8032640416200
81
164203200000
3567
1608643224000
17
6401620048320
145
6424003201681
346
4642320800161
467
0832642401601
806
8032642401601
816
0232641608040
057
2032640041681
145
0832640416020
07
6404160320280
1
6403208042160
3
163200400020
35
6401632480021
167
6443201608200
835
6480232164001
827
0432641608200
805
3204641682000
17
8642320160400
86
004320160020
01
4816326400021
567
1640326420080
7
4321664002801
845
3280642400161
267
3200640842160
12
6423200416080
37
8321664024000
847
4032640028160
145
6442803200161
467
1603264428000
817
3204064162081
137
6403200816240
13
6423201640080
37
0321664820400
86
6400403221681
124
8163264420000
867
6442083201601
836
2032641680040
17
0032644281601
018
4816643202001
857
4032640820161
147
6421643280000
7
6424160320080
67
6401683220040
17
6408216324001
817
432001600020
36
6416203284000
3
6403220816040
17
160003240200
1236
0832644201601
086
3201646420081
67
3202641684000
17
6403241682001
817
6423200816040
37
6428016320400
86
2416643200800
85
6483200216040
37
1603264280040
67
6432802160041
367
6481623204001
857
6424083216001
837
0032640816240
01
8432641600200
85
1684326402001
857
016243200000
06
4320641680020
6
2832644000160
67
6401628324001
17
6416823204001
85
6416080320421
6
3201606448020
3
6403221684001
817
3264400162081
4
1664823204000
57
6440083220160
37
320401602000
1357
4032641628000
817
6442801600321
467
0016643248020
017
6400023216841
123
6403221640080
17
160023240000
1267
2641632080041
4
8321664040020
4
6400823201641
126
8164326402001
857
3202864164001
817
3208642400161
167
6442816320001
867
0642328160040
6
4642328000161
567
1664032480201
8
6432041682001
82
8216326400401
856
6442803216001
847
2032648041601
815
6432048162001
827
6480423200160
6
6403240162080
47
6404016320280
13
6424016320080
367
4328641600020
6
2032648040160
17
164032020000
47
6403240028160
14
6421600324080
37
6408023201641
136
6480241600320
67
6408043216021
137
0322166484001
087
4032641608020
157
4016643282001
817
6403201640280
13
6403216480021
167
3204864162001
817
6401684322000
17
6483202016041
357
2032640081641
4
0232640816040
07
3242640800160
6
6443221600080
7
3204064162801
813
1664843200200
56
1632826404000
857
160403200200
1356
2640163280040
26
3240064168201
823
2032648416000
817
0832641640200
08
6402016324080
17
162403200000
3567
6403241600280
15
320000420160
1237
6443201680200
83
3281664024000
847
1664843202000
57
6416040322081
247
320041620000
1267
6481603240020
37
6421683240000
87
2016326480041
167
3284166402001
857
4642163280001
867
6432216840001
8
320200400160
1367
032041620000
06
6403220041681
145
0832642400161
067
0642320160840
06
8016643220040
17
2640163284000
827
4832640162000
47
6408322160041
167
6442003280161
347
6403221648000
817
0321664284000
87
4640320162080
2
4032648020161
17
6483201620040
37
3228640040160
57
3201664820040
67
6401603248020
137
0232641680400
80
4642163280000
86
6404320820161
4
0216640324800
0
3248166400020
7
4016326400821
156
0832644001621
0
4320640162801
824
3202166484001
81
3264480200160
67
6400164820321
2
4168326400021
567
4832640160200
6
6480432162001
827
6443201628000
837
6416020840321
27
6401600824320
3
6424803216001
847
3240166480200
8
320160402000
35
1603264042080
4
6400023281641
123
6483240162001
47
8032640016420
15
3281606420400
8
6440816320200
2
6442803201601
846
6442160328001
87
3240641680200
26
6400203241681
124
6400164802321
1
3264016280400
82
8232641640000
87
4832642000160
6
4640320168200
2
320216840001
8
2644320160081
7
6480416322001
827
3248166400200
85
6401643220800
1
6482016324000
87
6480023216041
237
6401643280200
81
3201626440081
67
1664023280400
26
6443280020160
47
6423200084161
4
6403202016841
135
0162326484001
087
0164643282000
08
4832640020160
457
6443220016080
57
8432640216000
87
8163264200400
856
0232641640080
07
6400023216481
1
1632064280400
86
0324641682000
80
6424816320001
867
320162040081
4
6402168320040
167
6424803200161
467
6401684320021
167
6482320160400
6
6482160320040
67
0832640016240
05
6443200820160
347
6416043280020
6
0032641640280
01
6440160322080
2
6423201600480
35
6408416322001
817
4168640322001
847
6416243200080
6
6403201648020
137
032216840001
8
3264216080400
4
6416008320421
6
2832640041601
845
6403241628000
817
160403202000
1357
6401632082041
7
4032641680200
816
6403241602801
8
6424003216081
347
324216000000
47
164003220000
2367
3248064160201
836
1664043282000
27
6442016320801
86
6401682320041
167
0816643220400
80
4016326480021
167
841632200001
7
4232640816000
87
3201606428040
37
321600400020
356
6483241602001
857
6408003224160
134
6401640320280
6
6440032160820
2
0032640816420
01
1620643280400
26
3201686420400
86
6448203200160
46
6483221640000
87
6483240016200
5
8163264204000
857
2321664804001
857
3264201680400
36
0216643240800
08
416203200000
36
6400083242160
3
3248640020160
57
1603264248001
87
004321602000
01
8641632200401
856
0232641680040
067
6483204001621
356
6401683240020
17
8032640216400
81
6401604028320
13
8320644200161
267
6403282160041
167
6403280016240
15
6400823216041
127
6400201648320
4
6400481620321
17
0644320168020
0
3284166400200
85
6421648320000
6
1664032480020
7
320241600000
1567
3201664048020
4
1664832400020
7
6432040162081
247
2816643204001
857
6483240160200
6
320160042000
34
1664043220080
27
0032640416280
01
2163264084001
847
0832642164000
0
3281626440001
867
6401643280020
17
6403220841601
814
3201626448000
8
4032640816200
81
3220864160401
826
0232640084161
4
3202648400160
167
6403208016240
135
0032648042160
0
6428032164000
87
6443220168000
47
2032640840160
147
6416083242000
82
6424816320000
867
4032641680020
17
6483240162000
47
320160400020
1357
6423208016040
357
0644320820161
4
0232641648000
807
3200641640280
1
6421603240800
3
6424832160000
7
320016420000
17
3264084160201
826
2160643284001
82
6480203240161
47
0644320160820
0
320021640000
1267
4168642320001
8
8416326400201
856
6440832160020
2
6482320160040
67
0232641640800
80
4216643200080
57
3281664040020
4
6483220040161
7
3264082160401
826
160032420000
1267
6401632280041
167
2160643284000
82
4642320168000
87
0032642401681
06
3216064420080
67
8321664020040
467
0032640842160
0
6401642320800
6
6404032168020
1
3216026480040
67
0016643228040
017
2648163204000
87
0416326408201
085
6403284160021
167
6480421600320
6
0216643208400
0
0163264420801
86
6400432162081
127
3280064162041
7
0321664048020
4
4832640016200
85
160432000200
845
6401632408021
157
2032641640080
17
6403204168021
137
322004160081
7
6401604328021
137
6408421600320
6
0032644280161
017
6483204201601
3
6401604322800
13
3216486402001
857
8321664200400
856
2032648164001
17
320160802041
7
320016240000
82
6483202001641
356
6401632802041
7
6408023216041
137
6480043201621
236
6483241620000
87
6400843216021
127
3201664420800
8
6442320800161
4
0432648162000
07
0328642160041
0
320400200160
1367
0416326480201
086
0642321680400
086
3281626404000
7
6400841602321
1
0832642416001
087
3264016480201
8
3228064160401
36
6480162320041
267
4216648320000
6
320162040801
4
8432640016020
57
1683264240001
867
6403280024160
14
4832641600020
57
6400416322081
127
6442032160801
86
8320642400161
267
8163264040020
4
8016644322000
17
6483221604001
857
320164002000
45
1603264248000
87
164232000000
47
3280166440200
8
3282640400160
67
6442816320000
867
6403228164000
17
6408203240160
1
1602326484001
817
0816643204021
7
6443208162000
37
6408032160241
6
3281606440200
36
2432641608000
857
6416003280421
6
1603264408020
5
3284641602000
57
0816643240020
07
6423208164000
3
2832641604001
857
016832002401
8
6400023241681
2
3248641602000
57
6403208416200
1
6432084160021
267
6481603220040
37
3281606424000
37
0232641648001
87
0032648024160
01
3208064162041
7
6402328160040
167
6480003242160
3
1682643200041
5
320008162041
7
6400483202160
6
0641632082041
7
6432201684000
3
0321664402800
5
6483200042160
3
0321664420800
86
0321664028040
47
1603264024800
84
0163264048020
4
0163264280400
86
0163264280401
8
2432640816000
87
201632080041
4
2016648324001
7
160043220000
1267
4832641600200
856
6424003216801
834
3281626400040
567
4032641602801
815
4832640216000
8
8032641640200
81
0432641680200
08
4160643280020
6
3200864164021
7
1632026484000
87
6428016320040
67
8432641600020
57
0016326482041
7
6443201608020
357
6416840020321
457
2032640840161
147
6423201680040
37
8416326420001
867
1664083242000
7
6400843201621
126
6408403221601
814
2032640048161
14
6423281600040
57
3240640820160
27
6401620048321
1
3220640840160
27
0432648001621
06
4232640160080
6
6443200816020
37
8164326420001
8
320420000160
157
3248641600200
56
6403282001641
156
0016643284021
7
6404816320200
81
3216206484001
837
4322641680000
67
6423240016080
57
0416643220800
80
324000200160
2367
6416084320021
267
6481643200020
57
4232641680000
867
6416048322001
827
6402321684000
817
6401648322000
17
1664803242000
37
3264408200160
367
328020160041
247
8324641602000
85
2816640324000
4
6401602048320
3
6401603228040
137
016043220000
06
3202641680400
6
6423281600400
85
0321664040820
4
6400483220160
17
3204640162081
4
8432640162000
47
6408423200160
6
6432841600020
6
6401602480321
3
4832640020161
47
3281664042000
4
8032642400161
167
0163264800421
6
321602400081
5
2644320160800
86
0416643228000
087
2032648164000
17
1664283200041
5
1664023284000
27
6420163280400
8
8321664020400
846
6402163284000
8
6403200816420
13
6400203216481
12
6423280016040
57
3241686400201
856
3201686400421
6
6442003216081
347
8032642416001
817
3284640200160
67
8324166402001
857
0432641628000
087
240163280001
2
0163264240080
67
6480016320421
6
6408032160421
6
4032641608200
815
232016840001
867
6443281600200
85
6420832160040
267
2416643208000
857
6423216840001
867
6424160800321
467
6404832160020
1
6440160322800
2
6400832160241
6
6416840322001
847
6400203248161
14
6403228164001
17
1603264824000
87
6421683200040
57
4640321680020
2
6442163280001
867
6442032160080
67
6408403202160
6
6481640322000
47
1643264280001
7
3216006480421
6
162003240000
2367
8432641620000
87
6441600322080
347
6416483200021
5
1603264040280
4
6420160324080
27
0640163282401
8
6440083201621
36
3216064280400
86
1632864400020
5
0642321684000
807
324168200001
7
4321664082001
847
1664032280040
27
163204000020
457
0163264040280
4
8321664240001
867
6401643202081
157
3208264160041
17
6423216048001
7
4216643280000
87
6403224168000
17
6420483200160
6
1640642320081
7
2032648040161
7
1642643280001
7
6424803201601
846
6403240160280
6
3264800162041
7
6443201600280
35
6403281620040
1
6480421600321
6
6401640322081
147
3240641682000
27
0032640824160
014
6440281600320
67
3264000824160
23
8163264240000
867
3208166404021
7
0232640041681
45
1664803240200
36
3264841620000
67
6424016320800
836
6441680322000
47
004163200200
01
160032240000
82
1640643280200
26
0321664080241
6
3201686424000
87
6401640322080
147
0163264208400
85
2832640164001
47
3201664082041
7
6480023201641
236
2168643200401
6
320160082041
7
0160644320821
0
4032642800160
6
6441683220000
87
0832644020160
057
4320641682000
827
6480203241601
824
320016084021
7
0832642160041
0
4163264082001
847
3284064162001
837
232016480001
8
0648320162041
7
1664083240200
26
4320641682001
2
3281626440000
8
3201664204080
57
6480032162041
7
324001620000
2367
3201664048200
4
2816326400041
567
8320641642000
82
6408023216401
1
3264816400200
85
3264821640000
67
6402816320040
167
8016643240020
17
2032640416080
17
4640163282000
2
6401648322001
17
8163264040200
4
6423200041681
345
0032641648020
017
6480216324001
827
3264802004161
356
1642643280000
67
1632064240080
6
1603264040820
4
6442003201681
346
6423281640001
7
4160643282000
82
6401643220080
17
6402832160040
167
040320160020
02
0432642801601
80
6481643220000
87
8321664240000
867
8162643240001
8
8032640024160
14
6416004320821
236
6416400802321
34
216032480001
8
3264401682000
37
6408163204201
8
0416643208020
057
032016284001
2
4328166400021
567
008320162041
7
6481620040320
457
0432640816020
07
0328640160241
6
163200200040
67
6432204160801
6
6482032160400
86
6423208040160
3
0321664048200
4
6480023241601
2
3281664240000
67
3201606420840
36
160423200000
1567
8432640020160
47
6441603208200
835
3201664240081
67
8032644200161
167
6403201620840
1
0163264284000
87
6408403220160
147
6400421608320
6
6400416322801
812
6408241600320
167
6416483220001
8
6432401602080
35
2160643280401
6
6416802320041
367
6480163240021
2
6481640020321
4
6428160320040
67
6402168320400
6
6442320168000
8
4216643208000
857
6443280016020
5
016043200020
06
3281606402041
7
8032641640020
17
6424320160081
67
3264000842160
23
6432402160081
6
6401620328400
4
3201606482041
7
6404016322080
1
6402832160400
6
3264201684000
37
8232641600400
85
0816643220040
07
0232640480161
4
1683264204000
857
4642321680000
867
032216480001
6
321600200040
67
6432802400161
3
6442832160001
867
0032648416200
810
6442320160081
67
6403282016041
157
6400403228161
14
3201646408020
5
1684326420001
8
6483220041601
845
4642320160801
86
8164643220001
8
6401648320200
6
6403220048161
14
6401620324080
147
6481640320200
6
6424320160800
6
0032648416020
017
6416032480021
267
6481602040320
3
6401643202801
8
320401600200
13568
3241606408201
835
3281606420040
367
1602643280400
16
016283240001
8
0328640402161
06
6443200281601
34
6441623200800
85
321600042000
34
6441603200820
35
1664803220400
36
6423241600080
57
2644320168000
87
6423216480001
7
2032640801641
4
6423201648000
837
6480243200160
67
6424032160081
6
400320162000
12
2432641680000
87
6481603240021
3
6416040322801
84
6401683240200
8
6432821604001
85
1603264048020
4
6440321680020
2
322160004000
37
3281606440020
3
3280264160041
27
320400162081
4
4832640002160
56
0641632480201
806
2032644080160
17
0163264428000
87
3201664402080
5
6443221608000
857
2416643280000
87
8232640416000
87
6424320160801
6
320248160001
867
6400423208160
6
3264420160081
47
6421683200400
8
322001640000
2367
3201646428001
87
0642328160400
086
6416208320401
36
2168643204001
85
6443208201601
36
0416643220080
07
6443228160000
67
0416643200820
05
6480001642320
3
3201664420080
67
6403240028161
1
0168326402401
8
3201646400820
5
0016642324080
0
0232640081641
45
324020000160
2567
6441632028001
87
320000402160
1236
2320641684000
827
6440328162000
2
3264216840001
8
1664843200201
5
1664843220000
6
6401643208020
157
0324642800161
6
6441683200020
57
6443228016000
857
1664832240000
87
0232640416080
07
4032648016200
815
6432281640001
8
6416283200041
5
2832640416000
87
0432648201601
06
3264800024160
35
816432200001
6
0832640024160
04
0432648020160
07
3264284160001
6
1620643284000
27
3208166420400
1
0832640162041
7
6401628040321
17
3201626440801
86
6423201608040
357
1664832200400
85
6401603284021
7
6423248016000
857
1664032280401
82
8163264240001
67
016483200021
5
6482043201601
6
3264020840160
27
6402816324000
817
816203200041
5
6483204020160
37
1664832020400
4
168432020001
8
0232641608400
805
0164642320801
6
6424160320801
6
320208160041
6
6416843200020
6
6483220016400
85
0016643248200
801
0163264240801
86
160243200000
1567
322400000160
3567
082163240001
8
6432481602000
85
6403241620080
17
320028160041
127
8032641620400
8
6442163280000
86
6432041620080
6
6421603280400
8
6483242160000
6
3201606440820
3
6440201680320
4
6482032164000
87
016032482001
2
0832640216040
07
8032640416020
17
0640324802161
026
2328641604001
85
8162643200041
5
3216846420000
8
6483220016040
57
0641632280401
086
6442160800321
467
3201664248000
87
008163204201
8
163200040200
34
6402032168040
17
4832641620000
867
6403202164080
3
1683264200040
567
4163264280001
8
6403216082401
8
6443282160001
7
6416283240001
8
0322648160400
0
4016643208200
815
6443208001621
36
6400321682401
8
1664032840200
82
0163264408200
5
2640328160400
826
4832640021601
845
2832641600040
57
2032640168400
4
6420168320040
267
320160040020
34
8032644162000
17
6443280162000
47
6432821640000
86
328162040001
4
6440163280020
2
8640322160401
826
0162644320801
6
2648163200400
86
3216864200400
856
6432248160001
867
6401623284001
817
1632826400400
856
4642320160800
86
6421640320080
6
3264248160001
867
6481600042320
3
8216643240000
87
3200640824160
12
324816200001
7
321648000021
5
6483220164000
47
160003242000
1237
6441632208001
7
6480032160241
6
4642321600081
67
6432241600080
6
6432841602001
85
1603264428001
87
320160200040
367
6442321600080
7
0232640416800
80
6482163240001
8
4032641682001
817
324201600000
3567
6403200416280
13
240321680001
2
0163264042080
4
1603264284000
87
6400832162041
7
6432082160041
267
6408003242160
3
6400163284201
8
4032640820160
147
1684642320001
6
6420816320400
826
6402032160840
16
1632806420400
836
0416640322080
7
6400483201620
2
1683264240000
867
2032640841601
814
0163264248000
87
6402832164000
817
1632026480040
7
324160080021
67
0163264082401
8
0016644322080
7
6408023204161
1
0032641640820
01
0032642480161
017
481632200001
8
6416402320081
6
6440803216021
4
6480032164021
7
322016480001
7
4160643220080
6
6443216280001
7
3220641680400
26
0232648164000
0
6408203216401
81
3264816240000
87
1603264420081
67
6442321680001
6
6442160320081
67
0163264048200
4
6403202840160
13
1623264080040
67
3208640162041
7
4640320162800
2
3248640200160
7
324016020000
47
6400403216820
1
6401603240281
3
321604000020
45
208163204001
17
6442032168001
7
0432640081621
04
6421600048320
3
6403228040161
17
6401643282001
8
6421643200800
8
1628640320040
7
6432402800161
6
1632846420001
867
3264208400160
367
6404023216081
1
6402832160041
17
3240166480020
7
2641632080401
4
6441603208020
357
0232640804161
4
6400021684321
1
004320160200
016
6480003224160
34
3216846400020
5
2321664084001
847
6404321602080
1
6423200081641
345
3264016420080
7
4832640200160
6
321600040200
34
0642163280400
086
6404832162000
17
320164000200
45
6483216004021
7
6421604080321
7
3201664248001
7
6483241600200
85
0321664428001
7
0032644820160
017
0642163284000
807
2163264804001
857
4642321680001
867
6480322160041
267
8216643200040
5
4160326480021
267
6408320162041
7
4032640802160
16
3220864160041
67
816203240001
8
0640322804161
026
6403201628040
3
6404016322800
1
6481604322000
37
1620326480400
82
3208064164021
7
2016640324080
4
8032644002161
1
0032640416820
01
0322644160801
6
4163264200801
8
3202464160081
67
4328641602001
85
6441600802321
4
6423201640081
7
3264020804160
2
6440203280160
47
6408203216040
4
6440032168020
2
3280642164001
2
320400002160
1356
4328640002160
56
6442001680321
347
1643264200081
7
164003200020
35
3264842160001
6
6400201648321
1
3216864002401
8
6404203216080
17
6443216200081
7
0816644322000
07
6421600840320
37
3201664080421
6
1632864020400
846
481632020001
867
6400328420160
17
328402160001
6
3280640164021
7
0032641648200
810
4032642801601
8
4016643280200
81
324200000160
3567
1632064084201
8
320160020040
67
3241606480201
836
6404003216280
13
6441680020321
4
3216864020400
8
1624643280000
67
3284641600200
856
3281646420001
867
6480203216040
4
3202464168001
8
0648321602401
8
320082164001
2
6401620840321
1
6424163200080
6
6482016320040
67
6428032160400
8
6440032160821
6
6421680040320
7
6403280016420
15
3242641680000
7
008321602401
8
6404320160820
1
6402320168400
1
6440160328020
2
2320640840161
247
0160648320421
6
6443201680020
37
320160420081
3
3241606400281
56
1602643284000
17
416832020001
867
0816642324000
0
3241606408021
5
6483201640020
37
6432016480021
267
1680643240200
26
6400168420321
12
3264816400020
7
6443282001601
85
6442832160000
87
1603264082401
8
6423201608400
835
3282064164001
837
6423240160080
6
1603264048200
4
021632004000
8057
6480162400321
26
3200648420160
127
6423204168001
7
6443200821601
83
3201664284000
87
3216064080421
6
3202864160041
67
0032642481601
018
0324640802161
06
6423201680400
83
4032640821601
814
6420328164000
8
1603264208040
57
2032641640800
81
6403200824160
134
6432201680401
8
3264821600400
56
3284166400021
5
6428032160041
6
1683264420000
867
816432020001
8
0321664028400
84
6416248320000
8
2641632840000
67
6400483216020
17
6404032160820
1
4032640216800
81
032016042000
02
1632846420000
87
4642328160000
867
0163264824000
87
0432640281601
04
0163264204080
57
6416280320401
46
320160248001
3
3221664084000
87
6481602324000
3
6428160324000
87
6403242160080
6
2432640160800
6
6443202801601
83
6404803216200
81
8642163240001
8
6423240800160
6
0016326442081
17
816403220001
8
6442160328000
7
6420320168040
27
6441602320081
7
6416823204000
5
6420320164080
27
6404162800321
6
6480403220161
7
6432040162801
824
6408432160201
6
6443216028001
47
6432800160241
6
8432642000161
7
6441683200200
5
1632206484001
837
6424016320081
67
6443220816000
87
6408160420321
14
2432648000160
67
6481624320000
867
6403221680040
7
6408203204160
146
0232648040160
0
6424003216080
37
4216643200800
85
6400843202161
1
4816326420001
867
6442016328001
7
0032648016420
015
8432642001601
85
2324641680000
867
6408203201640
4
6402321680400
8
6401632024080
17
0432640820161
07
4016640322800
4
3216064480020
6
1664832400200
856
1643264028001
47
3201664428001
7
8321664204000
857
6401640028320
4
6408232164001
817
6423216400081
7
6423284160001
7
0232641600840
5
6432284160001
6
6401623200840
1
800163240201
8
6443281600020
57
324021600081
257
6401623208040
157
2032640816400
8
2416643200080
57
3264416080200
8
016083240021
2
8416642320001
7
0816643240200
08
6400162804321
1
2640163280401
2
4640321682000
27
4641632028001
87
2032640416800
81
3284640002160
56
2032641640801
8
8320640402161
26
6442016320081
67
0232640481601
4
6428003216040
34
6424832160001
867
6402016328400
8
6483224160000
67
0640321682401
8
4032648162000
17
0032642801641
0
2160643280040
26
841632020001
867
6401604322080
137
6432400802161
36
1632064280040
6
6404021608321
6
6420832160041
26
6448003220160
347
160032040200
82
1664823200400
56
8641632204000
5
6401643200820
15
6420160328040
27
2032648041600
15
2416643208001
57
6483240021601
845
2016643280400
1
3221686400401
856
0232640841601
84
1683264042000
4
3201664802041
7
0432642001681
05
3264080164021
7
0232648416000
087
4232648016000
857
6400168402321
12
6441603220800
83
3264021684000
7
6400163284021
7
2016643248000
817
4328641602000
857
3280640420160
27
3200648402160
1
4320642800160
7
416003220000
36
320160804021
7
6403241602081
157
6440016320280
2
320162004000
857
6483200016420
35
0644328160020
0
6443200081621
34
6402160328040
17
320284160001
6
001632082041
7
016032420000
06
0163264040820
4
0321664248000
87
6401643208200
81
3201686402041
7
040320162000
02
163202400081
5
0640163284201
8
6441628320000
67
320016040200
812
4320640820161
247
1603264240801
86
0321664240800
86
6416842000321
5
6481604020320
37
6440081620320
7
3208642160401
1
6400023284161
1
0321664208400
85
0016643240821
1
8032642004161
1
3264482160001
6
1632864240000
6
3201664480020
7
6432004160821
23
0648320420161
47
6408321602401
8
1648642320001
7
6403216408021
157
3281664200040
56
6483202164000
3
0032642416081
017
2416640320080
467
2032644800160
167
6400203216841
12
032281640001
8
320080160421
6
1648326420001
8
0032641628400
018
6416483202000
85
6400816320421
6
6408162400321
167
3201664040820
4
3264080420160
27
0832640021641
05
0648320024160
05
3216846420001
6
6400203281641
12
3240166480021
7
6403224160080
167
0432641608020
057
8322640400160
7
321600084021
7
6408162320041
167
6440803201621
46
4232641608000
857
4168326420001
867
6401600248320
3
6408432162001
817
6482320400160
7
6428003201640
34
0163264248001
87
028163204001
08
4232640160800
6
016283200041
5
6423241600800
85
164832020001
87
1683264024000
847
8032640016240
15
6401632042081
147
6483204162000
37
2320640804161
46
3201664084021
7
1664043280200
26
0416643280020
07
1664832420000
67
2432640016800
85
6440321680200
2
6483200016240
35
3281646400021
5
0416643202800
5
6442321680000
86
4016643220080
17
0032642804161
1
6440203201681
2
3264008162041
7
0640163280421
6
160823204001
7
1603264240800
86
320001640200
1236
6432400160281
36
320160042801
4
0232644168001
7
3201606480421
6
4328642000160
7
8432642160001
7
6400821604321
1
3280640162041
7
4832641602001
857
1664032480200
826
2016326440081
17
4648320200160
67
1642326400080
7
4232640800160
67
3240166480201
2
6443202160081
7
0642328400160
7
6483220040160
47
8324641600200
85
0016643228400
018
0322648400160
07
6420168324000
7
6400401628320
14
4832641602000
7
6443200021681
35
0640328420160
07
6480160324021
7
0160643280421
6
2032640841600
1
2832640040161
47
6443220160080
467
168203200041
5
6423208001641
3
2641632040081
47
2320641680040
26
241632000000
567
6401603248021
137
080320162041
7
8432640020161
7
3220648160041
67
6480403201620
2
0162643284000
0
0032642416801
810
6424803216000
7
0324641680200
80
8432641602000
85
4032648160200
6
6408320024160
15
8324640002160
4
3220641684000
827
0321664040281
6
201632040081
147
2032648004160
6
322048160001
867
320004160020
12
1604326480200
8
6416082320041
267
6484162000321
6
6481620324001
47
4162643200080
6
6402328400160
7
1664483200200
56
4320641680200
26
1608643220400
16
8163264400200
5
6400832164021
7
1603264028400
84
4320166480021
267
6401602840320
3
0168643224000
0
4328641620000
67
6403241608020
7
432816200001
8
1640643282000
27
2648320400161
47
0322640804161
46
6424032168001
8
1603264802041
7
163200042000
34
6403242160800
6
6481602320041
367
8324640160200
4
4641632208001
8
6408322004161
1
400163280201
826
3220648400160
67
6441603200280
35
8164642320001
6
3264016820041
2
4032640208160
16
1664843200020
7
8016643240200
81
432001620000
2367
6481643200200
85
3280166420041
2
320168000421
6
320160024000
83
6424801600321
4
0016642324800
0
4016326408021
157
3264041620080
267
6403240816200
8
320240000160
1567
3264816200400
85
6402803216401
14
6481600240320
3
6443201620080
37
3264400162801
4
320160428001
3
0321664042800
4
1632046420080
67
3240864160201
826
164832200001
7
0432640821601
08
3264820004160
56
6443202800161
7
6408403220161
147
6441680020320
4
3264481602000
57
6401620840320
4
2032640480161
4
320802160401
1
6404816320020
17
320160240801
3
3264040160821
26
0232640801641
46
6400483221601
812
6416823200040
56
6481643202001
857
6404832160201
86
0432642800161
7
4322640800160
67
320160040200
346
4232648160000
6
4642320168001
87
2164643280000
86
6423241608000
857
2016326440801
81
3264082164001
2
321684000021
5
3264820160041
47
1664232080400
4
4016643208020
57
6480160402321
24
6400803216421
14
160283200041
5
6420803201640
4
001632040020
1
6420016324080
237
8324642000161
6
3221606480401
836
6423208041601
3
6432080160241
6
320016820041
2
3264800204160
36
4648322000160
5
320420160081
147
201632040801
814
6441603208021
3
001632042081
147
3264040168020
2
3281664204000
857
6403216824001
17
281632000041
4
1640326480020
7
001632024000
8107
6484320020161
4
1664832200401
85
8641632024000
87
6404816322000
1
6448162000321
7
324016080021
7
328160004021
7
6443201608021
37
322016040000
82
3208464160021
17
2432640800160
467
3228166400400
5
4232641600800
856
6443201628001
37
1632064420081
67
8432640021600
85
6441623280000
7
6443281620000
87
1683264400020
5
3281606442000
3
6432216480001
6
6403204082161
1
3248640160021
67
416832200001
8
6483241600020
57
4642163200080
67
320400162801
4
0648163204021
7
4232640016800
85
6403240016280
15
401632200801
8
6442163200081
7
6483220164001
47
0216643208040
5
0832640416200
80
163200084201
8
164023200000
2567
320241600081
567
6442032160081
67
322401600000
35678
4832640162001
7
6442168320000
867
322008160041
6
8163264020400
846
2644328160000
867
6404023216080
3
322084160001
7
8324640160201
86
0032644081621
0
6443201600821
3
6403216280041
167
6483200024160
34
6403241600820
5
162432000000
85
0832642001641
0
6401684320020
17
3201664804021
7
6401640028321
14
2432640168000
47
0432641600280
05
1628326400400
5
6408320420161
147
6402163280400
8
6432002804160
2
6403241608200
1
2416643200801
5
3200864160421
6
0016643240820
01
6403204081621
135
001632240000
06
6432841620000
6
6403220840160
7
6423200801641
46
0232648041600
0
8163264024000
847
3281664240001
867
6481632200041
567
0432641682000
8
6480403221601
824
6441603280020
37
3240064160281
3
1643264082001
87
0416643208200
85
6428321600400
86
1683264020040
467
4216640320800
6
6401632840020
1
6484232160000
7
162032480001
7
4328641600200
56
6400803241620
2
8016643242000
17
400163220000
17
6432016284001
2
6440016322080
2
6420816320040
267
6443282000161
7
2640320164800
82
1603264200840
5
320160020400
86
081632002041
7
0322641680401
86
008163202401
8
6443202001681
35
1632864024000
7
4016648320200
6
6401632048020
1
6402816320400
816
6432421600080
567
6443216008021
47
4032641602800
1
6443216002081
57
6402320168040
17
4032641682000
17
6432021684001
82
2016640328400
1
1640643220080
267
8321664400200
85
4162640328000
8
3264840160021
67
0032640821641
01
3281664402000
5
6481640322001
47
6423240016800
85
2641632004800
8
6440003221680
2
0163264082041
7
3264248000160
56
0648163200421
6
0816326442001
87
3281664004021
7
0322641684000
0
3280641640200
2
2816326440001
87
2032641648001
87
400321620000
1267
3264200804160
36
0324642160081
6
080163240021
2
3281664020040
467
2032640481601
4
6480243216000
87
320416000200
85
004163202000
01
6440016328020
2
6443221680000
7
3264428000160
567
6443220001680
5
401632000200
45
6400843216020
17
1603264084021
7
6408401620321
7
320421600000
15678
6442320168001
8
6423200840160
3
6404232168000
7
324160208001
7
6421603208040
57
0641632240800
06
0016644322800
0
4016643228000
817
320001642000
1237
1604640320280
4
6432800402161
36
3280264160040
6
2032641648000
817
2416640328000
47
3240166420080
7
041632020081
067
6482003201640
34
1643264008021
47
8641632040200
6
6441620320080
467
3264420160801
8
6483216042001
87
6421632004080
57
3281646400020
5
4640328160200
2
6400483216021
7
6402816320401
16
001632204000
5
6403216040280
1
3264080160421
6
1628326440000
87
320400160821
136
322160000040
36
6416820320401
86
320160080421
6
6423240008160
6
4032642800161
17
0032644082161
1
0032648041621
0
3201626400840
56
3264480160021
67
2641632040800
6
6400328162041
7
6432480002161
6
0432648016020
0
6483240016020
7
6442160320080
67
6400803224160
14
8432640001620
5
6420032168040
27
1603264082041
7
2641632040801
84
0642320804160
4
201632840001
817
6443208216000
837
324001600020
36
004321600200
0158
6480163242001
87
6428320164000
8
1642640328000
87
001632042000
0
6424160320800
86
2324640168000
47
6480403220160
47
4016643280020
17
6401683242000
7
6423216084001
8
6416023284001
2
1664403282000
7
1608326420400
1
6416024320080
2
0032648240160
01
6404320168020
1
6480416320021
6
6443200162080
347
6443216082001
87
420163280001
2
1632806404201
8
328002164001
2
320800162041
7
0416326400281
06
1682640320040
6
6483202401601
3
0832640042160
0
6416240328000
8
1642643200080
567
1664032280400
82
0832640016420
05
0163264084201
8
6443200162081
37
3264400160821
36
6440803201620
2
0232648041601
85
0432641680020
07
6428160400320
7
6483242001601
5
163202000040
2567
328000162041
7
6400803216420
1
232016040000
2
6443280001620
5
3241606400821
5
6403282016040
1
6402032164080
17
6441608322000
37
6416802004321
3
4640163280200
2
6443280021601
85
6403202816041
137
0163264428001
87
320160084021
7
3281606404021
7
8641632420000
87
0163264042800
4
432201600000
3567
6443280201601
46
0032648241600
01
2016640324800
14
2640320804161
4
3201686404021
7
6416284320001
6
162032040000
82
0216326480401
086
320840160021
6
6440801620320
47
1680326440200
82
6420328160040
67
8641632024001
87
8032642160401
1
320820160041
147
3204264160081
17
6440203216081
2
6421603200480
3
6441623200080
57
216032040000
6
0232640840160
0
0641632042801
84
3241664208001
7
3201646402800
5
4320640802160
26
432016280001
8
320482160001
6
0432640820160
047
160032042000
1
2032648016400
15
8016326440200
6
3201606484021
7
6481632024001
87
6408003216420
13
032041600020
026
0640163284021
7
3264028160041
7
6401683204021
7
0642163280401
80
6483216024001
47
8641632020401
6
6480032160421
6
3216064084201
8
324821600001
5
201632004000
8157
8163264000421
6
6484023216000
3
2320644160801
8
3280064160421
6
0016326442801
81
6408021604321
1
6416802320401
86
6424168320000
7
6416083240021
2
6416802320040
3
8432640001621
4
3216064420081
7
6481620324000
847
3216064084021
7
6401632840200
6
2032640804160
146
0163264080241
6
6401603240820
13
6483202040160
3
8641632204001
87
6432480160201
86
0832644162000
7
320480160021
167
6432080420160
4
320162000040
67
6420321680400
826
6403216240081
17
0641632840200
06
2648321600400
86
6423200416081
3
6480003241620
2
6442321600081
67
6416023280040
26
2832640164000
47
6401603248200
813
6408401620320
4
8320640420160
47
432016080201
826
6482160320400
8
6401648320020
1
6401602840321
7
0416642328001
7
0032644821600
8
0232641684001
87
6401602084321
1
0432641620080
07
0641632042081
47
8641632400200
8
6481632204001
87
320164208001
5
080163242001
807
6400243216080
7
1632006440280
3
4328640200160
67
0832641640020
07
4232640080160
57
320002160040
36
4162643280000
6
001632420000
0187
2432640008160
46
4816640322001
47
4032641620800
816
321600080421
6
320164000020
45
6400281640320
1
321602000040
67
1683264004021
7
3241606482001
7
6442016328000
87
324021600000
2567
6401640322800
14
6483200420161
37
6482403200160
7
6424003208161
46
4016643202081
57
3241664002081
7
6408023216040
3
8321664040200
4
0322640840161
4
6403240021681
145
0640320824161
4
3204642160801
6
322416000000
85
0216644328001
7
0432641628001
07
4016643220800
81
0216643248000
807
2163264804000
5
322040160801
846
4016643202801
815
8163264042000
4
328000164021
7
6441602328001
7
3228166400040
57
6403282040160
1
832016240001
8
6420803240160
4
6403216402080
1
6404016320820
13
6403220840161
147
6441603280200
83
0032644028160
0
0641632480200
8
6441603220080
37
6440003281620
2
3240864160021
67
1623264008040
57
320240160081
467
320168004021
7
0640328420161
27
1632846400200
5
6440023281600
3
0032642841600
01
1640326480200
82
008163204021
7
6400083224160
13
4032640280160
17
001632842001
817
6400403216821
4
6428403200160
6
832016040201
2
3216826404000
7
3264402160801
6
3281606400421
6
6408163200421
6
6484203216000
87
324082160001
7
3216846400021
6
8324642160001
6
6484021600321
6
6483200241601
3
1642326480000
7
6443200216080
37
041632208001
7
8032640240160
1
2641632084000
87
801632024001
87
2640328400161
27
328416000021
5
4648321602000
57
0032642840160
01
320816200401
1
324002168001
7
6403221608400
8
0032642481600
1
0164640320820
4
216832000401
845
6420016328040
27
0832640240160
0
6432842160000
7
320204160081
6
2648320004160
45
4328166400201
6
6420816324000
827
1603264400820
5
328164200001
5
6401683240021
7
6443280021600
85
6432401600280
35
160043280201
6
4162643280001
8
0832642041600
0
0162648320401
06
0163264204800
85
0432641608021
07
6480023216040
3
6401624320800
86
8016643220400
81
328021600041
2
320162000400
86
008163200421
6
6440816320021
67
2432640081600
85
0232640840161
47
0321664480200
80
6403240016820
1
0641632024800
08
6404216320080
1
3201686420040
67
6441620800320
6
3264841600200
56
0163264804201
8
328160204001
357
322000160040
36
6440803221600
82
0032648041620
5
3264040162800
2
6484016320020
37
6483201640200
83
4160643282001
2
6483200416020
3
1664832040200
84
6403280241600
1
321648200001
6
3216064042080
4
16020000000
137
4648321620000
67
0648320204160
4
8320640402160
4
0032640824161
01
6432401682000
3
8032642040160
1
6402483216001
17
3264480002160
6
3264816420000
7
1603264204080
57
3241606480021
6
6420163284000
82
1632486402001
857
320240160801
846
328160002041
7
216032080401
824
6432821600040
56
216432000000
6
6432481600200
85
0641632842000
0
016483220001
8
6400483221600
8
2416326480000
6
1664403200280
356
6402016328040
17
032016240000
7
3264004160820
2
6400843201620
2
160243200081
157
6428163200400
86
1632064480200
26
280321640001
2
0644163202080
0
6403208041620
5
3281626400041
57
001632040200
06
6421604328001
7
2324640160800
4
001632482001
1
3284640160200
6
3242166400080
7
4640321680200
26
4640328162000
2
4320640802161
6
0032642401680
1
4032640162801
14
6421680324000
87
3202648160040
1
6400432160281
6
0648324200160
67
328164000021
567
0163264240800
86
6480160420320
7
3216806404021
7
3208641620400
6
016032082401
8
320400160200
6
040163280021
267
2640321684000
827
6408432160021
1
4832642000161
7
432216000000
47
4016648322000
7
8032640041620
5
6484320160200
6
6401632040820
1
6441632020081
67
6403216280401
1
8321664420000
867
8642320400160
7
320042168001
17
3280641642000
27
6481604320020
7
0642320168040
0
6400432162801
2
801632204001
87
6401684020320
17
1603264482000
17
040321682001
827
1683264040200
4
6403208216040
3
320200160040
1
6420083201640
3
6421643200080
57
6400243281600
82
6440816320020
2
800163242001
817
0644163282000
0
6421603240081
3
6421640320800
6
6482403216001
47
201632040000
167
1603264280041
7
6401623248000
87
6442016320080
67
3264816200401
85
6401643200280
15
6416024328000
82
3240064162081
7
8640163242001
87
320040162000
12
6440023201680
3
6416204320801
6
2324641600080
5
0432642160081
7
0641632042800
0
6420832160400
2
0641632420800
08
320042160801
126
3264816020400
4
3216046420080
67
0320642804160
02
0320644802160
26
6432480160200
4
3281664204001
57
6432042160080
7
320016284001
2
6416240320800
8
324020800161
7
0640328402160
06
3240642168001
7
6483200162041
7
0163264024800
84
0416643280200
08
0648163204201
8
3264800160421
6
164203200081
357
1603264804021
7
320402160801
6
3281664002041
7
324800160021
36
0232640841600
0
0032642164800
0
6440803220160
47
163224000000
47
1620326480401
2
0032641628040
1
3264040162080
2
0321664204800
85
6401624320080
167
320800160421
6
6484016320200
83
8163264402000
85
8321664042000
47
6402843216001
17
6400241608320
16
6416084320020
2
6421603248000
7
6480403202160
6
6403241620800
81
6403281620401
1
0816326442000
0
6481632024000
87
6440003281621
3
2816643200400
5
6432482160001
6
432016020000
47
6403200421681
13
032016084201
8
163204200081
5
6403242001681
5
6423200164080
3
6401642320080
6
3201646402080
5
4160643220081
2
4648320002160
5
321680002401
8
3280642160040
6
2648321600040
7
021632040000
06
1664243280000
6
041632002081
47
6402016320480
6
328040160021
267
3208640024160
15
6443281602000
85
0648322160401
06
3204641680200
6
1680643242000
27
3216846402000
5
6441620320081
67
041632002000
45
320016280401
1
6403280041620
5
0321664248001
8
3216064280040
6
6401680240320
17
328160040021
67
4648321600200
56
6421684320001
7
6432420168000
4
6400403228160
14
328016040021
2
041632200081
7
3240648200160
2
8032644021600
85
6482016320401
6
6481620320400
46
328400160021
367
6483216240001
87
802163240001
8
3201664284001
7
6403216042081
17
6403200842160
3
6403202804161
1
328160240001
3
8032642401600
1
6440016328200
2
3284642160001
6
320164200801
5
0160643282401
8
0162643280401
80
6402803216400
4
0432640162080
047
6403221640800
81
321680000421
6
324168000021
567
0416643208021
57
0816326440200
06
2416326400800
6
6416420320081
67
1683264040020
4
6404203216081
1
1604643282000
7
3201664042800
4
0321664280400
86
164003220081
267
6442163200080
67
6401603220840
13
402163280001
1
6403216804021
7
0644163200280
0
4328640020160
57
321600082401
8
1664432080200
84
041632020000
4
8321664402000
5
2321664048000
47
4641632020801
8
320020804161
1
3200264160840
6
032241600000
06
3264408002160
56
3281646420000
7
241632080001
47
3228641600400
56
320080164021
7
401632208001
8
032016040200
02
3284064160021
3
2168326400401
8
016832020401
86
6443201682000
8
1603264024080
47
8160643242000
82
6432241680001
6
6440321682000
2
8163264002401
8
164283200001
5
3204641602080
7
6400483220161
17
0641632842001
87
6442003281601
83
328416020001
8
6481602400321
3
1664243200080
6
6443220800160
467
3281664042001
4
1632846400201
6
1664832200040
57
3241664280001
7
6403216048200
1
3264481600200
856
3264280400160
67
6443228000160
7
401632028001
87
8644321600200
8
4648320020160
57
328042160001
267
3220166480040
27
324160082001
4
2416326400080
6
0216643248001
08
0163264400280
5
6432840020161
457
324160280001
7
6482003204160
34
081632024001
8
6416083242001
8
6403202401681
3
1664403280200
36
1632846402000
5
0016643248201
08
6401620084320
1
2163264004080
5
3264841602000
57
0322640168040
0
6483200041620
5
001632042801
814
3201646400280
5
4162648320000
8
041632000020
45
0168643200421
6
2016643248001
17
3201664028040
4
6416824320000
8
6408023201640
3
6482003216040
34
1603264028040
147
2016643240800
81
3264241600080
567
401632020000
4
416032020000
4
6416832200401
6
1603264042800
4
6420832164000
2
3220464160081
67
6423200416800
83
6440021680321
7
6402803201640
4
2016643284001
817
4832640201601
6
6483202400161
3
163284200001
5
6400832162401
8
320016042000
12
3284166420001
8
6416803220401
8
432816000201
856
6428163204001
8
6416043282000
2
0432640162800
0
6403282004161
1
201632000400
156
1683264002041
7
3201626448001
8
8163264200401
85
0648163202401
8
6408032164021
7
2416648320000
67
0322648160401
86
2032640804161
46
2640321680400
826
322040160000
2
320040160821
126
6400043281620
2
8432640216001
7
6403201648200
81
3264408160200
36
6423200804161
4
322040160081
467
320024160081
7
0216643280400
08
6480043216020
37
6440832162001
87
320420160801
814
320168002041
7
2320641680401
86
320040160200
12
1632046480020
7
6420001648320
3
2321664040800
4
4321664080201
6
3220064160840
36
0216643240081
0
2832640040160
47
0816643242000
7
3264480160200
6
320240160000
1
3201664204800
8
8432640201601
6
2641632800400
56
3264240160801
4
8232640016040
7
3201626408040
57
163284000201
856
0416643220801
8
2648320160400
86
324016280001
7
6481632040200
6
8644320160200
6
6480320420160
7
8163264042001
7
0232640801640
0
3216006482401
8
6484003216020
7
4642163200081
7
6432420160800
4
6402803204160
4
6400320824160
1
4328640162001
4
3241664080021
67
4640163280020
7
3264042160801
26
0641632420080
0
3208064160421
6
4640320820160
27
6480203201641
6
6432208400160
37
0016643248021
17
0232641680041
7
6441632200081
7
0321664842000
7
6404023216800
3
6416823200401
6
1640642328001
7
8640320420160
7
6483221600040
7
6481603240200
83
6480032162401
8
6480203240160
47
0648322004160
05
328016020041
2
016432000200
45
6432840162001
87
042163280001
0
4032640082160
1
3264416000280
4
3216864042000
4
3264840002160
6
0163264024080
47
3248166400201
8
0640322804160
0
6448023201600
3
6482003216400
4
0832641620040
6
6408163202401
8
6483240020160
47
280163240001
267
0032642164080
0
2320648400160
7
0321664402080
5
6416402320801
6
4032641600820
15
3264802160401
83
2640163280400
826
6403280024161
1
6403221608040
7
1642640320080
7
6421632084000
87
163248000201
8
322080160041
67
6420016320480
26
6480023201640
3
1640640328021
4
6424160320081
7
6440283200160
67
6401604320820
1
6432248000160
57
281632040001
847
6408320204161
1
0641632248000
0
6483200421601
83
6484003216200
83
6483216002041
7
320040160020
12
320020160040
6
6423280041601
84
400163282001
817
4232640008160
56
1632864200400
856
6424032168000
87
2648163200401
6
6423200480161
4
328420160001
847
081632042001
847
3241606402081
7
6420032160840
2
6443220081600
5
0216326440800
06
0032648241601
0
3220464168001
87
0644163280200
0
2320648160401
86
6420032160480
6
0322166480401
86
021632000040
06
6401603248201
3
1632806440200
3
6483220160400
6
0432640081620
5
0648322004161
6
241632000081
47
320082160401
1
6403208240160
1
6440168322000
2
0328640024160
5
328162000041
457
6423201648001
7
401632002000
45
6432200840161
4
2640324800161
7
1683264200041
57
320280160401
6
3201664402800
5
6420032164080
27
2032640164080
147
1664823200401
6
1664203284000
3
1620326480040
27
6424001608321
6
040321620000
06
3264241600081
7
6416043220080
6
6421603200840
5
328160042001
847
6421632004800
5
6401623240800
1
324080160021
267
3221664004800
8
6400241680320
17
1620326440080
2
0432640021681
05
3224166400080
57
3264240800160
67
0324640160281
06
6420803216040
4
6443208020160
37
6440816322000
82
321600084201
8
0640320824160
0
6440032160280
2
3208640160421
6
6403202801641
136
6400081624320
3
2640320168400
8
6403280021641
1
4032642008160
6
6401640320820
1
3200464160821
1
3264401600280
6
6424003216800
3
6402803216040
4
6423201600840
5
6416002328040
3
6481632042001
4
322016084001
8
3248641602001
7
1632046420081
67
1604643280200
16
324162080001
47
6416403202080
35
6403280162041
7
6401643280021
1
2432641600080
57
0032644280160
17
2320166480401
86
6443280216000
8
6420321684000
827
1624326480000
87
3204166400280
15
164023200081
267
1628326400401
85
3264801620400
3
6480403216021
7
3264401602080
57
080321642001
8
2320640840160
2
6400481602321
1
6402843201601
6
040163282001
807
2644320160801
8
6432482000161
6
3221606400840
36
0324641602080
0
2328641600040
6
6404163202080
1
6401603242800
1
6483240002160
6
3264416800200
85
3264401680200
8
6400083216420
13
0328166424000
7
4032648216000
817
6483220004160
4
328400162001
4
6400081642320
3
6443220801600
8
6416048320020
2
0321664020840
6
2648320164000
8
6432480002160
4
2432648016000
8
3201646420080
7
3202640168040
1
6483200216400
3
6443200820161
37
3202648160041
67
6403200824161
13
6400243280160
7
1632026480400
86
6423200841601
3
0016326442800
0
0232640164800
0
2032644008160
6
2432640160080
467
2832640160400
6
8032640421601
81
3264280160041
7
3216026440080
7
2832640016400
8
6480403201621
6
6404216320800
8
8642320160040
6
2641632080400
6
0163264420080
7
0328642004160
0
3200641642080
127
6416800402321
3
6440216328000
8
3201606424080
37
322160040000
36
6432841602000
85
3201626404080
57
2032641608400
5
6483216200041
567
6441602800321
7
6401620324800
1
3208641642000
7
6416802400321
3
2168643240000
6
0832640041620
5
2640163284001
7
6402403216801
1
6423208016041
5
0416326420801
0
2163264008400
5
1603264020840
6
016032042000
0
6404203216800
81
6400401628321
14
6442320160800
6
6441680002321
4
4162640320800
8
6416020328400
2
6481632020041
6
2163264080400
8
3264816200040
7
0644321680200
8
1664203280400
36
6440032162081
7
4832640216001
7
2432640016080
7
1600643240280
6
3284640160021
6
6423240160800
6
6408201604320
46
6432280400160
7
4016643200280
1
6480201640321
7
3221664800040
6
6401602324080
3
3208640042160
1
3224640160800
6
6402832160401
81
6402016320840
1
0032644281600
8
0416326420081
6
3264028160040
6
3264840020160
7
8321664040201
6
6400043216820
13
3220641684001
7
6482160400320
6
6403200821641
1
6432042168000
7
0328641642000
80
6441602080321
7
6481640002320
6
6423280416000
7
320200160400
1
4016640328200
4
6440320820160
7
6416000824320
2
6403202408161
3
3216864200401
6
6403200428161
1
1640326480201
8
2320641684001
2
8160640320421
6
6480203216400
4
6448320020160
5
6420016328400
8
6484321600200
8
6482416320001
6
2641632048000
7
6482403201600
8
4641632200801
8
6480320162041
7
4320166480201
8
6404160328200
1
6480203204160
6
0321664024800
4
6424016320801
8
1608643242000
7
6400283204160
6
6403280016421
1
6400243216800
1
