0216643208400
8
6483220164001
47
6401648322000
17
6424320800161
467
8160643242000
8
3248064160201
86
0832642400161
067
0032641648020
017
6424083216001
837
4816643202001
857
4168326400021
567
6401632408021
157
6403248162001
17
4016643220080
17
6442803200161
467
6403220041681
145
3240064168201
823
4032641680020
17
0432641608200
805
1632806420400
836
4816326400021
567
6402163280400
6
320401602000
1357
2032648164000
17
320016240000
82
6403221640080
17
6442032168000
87
6408216324001
817
040320162000
02
0032640816240
01
1642643280000
67
6442083201601
836
2032640841601
814
0832642040160
0
6416084320021
267
6408432162001
817
2321664804001
857
6440320162080
2
6482320160040
67
4321664082001
847
163200400020
35
4642320160800
86
320016420000
17
6481602324000
3
4032640820161
147
6443201600280
35
6404160328200
1
6401603220840
13
0648322160401
806
8232641600400
85
4163264082001
847
6423240016800
85
0232641680040
067
0832644201601
086
4832640162000
47
3241606408201
835
6481604322000
37
0832640016240
05
8320642400161
267
6481643200200
85
160043220000
1267
6404016322080
1
3264040802160
2
0432640162080
047
6481602040320
3
0641632408201
805
6481602320041
367
2644320800161
467
4832641600020
57
1603264280040
67
2016643284001
817
6403241682001
817
3264401602080
57
4642328000161
567
6420160324080
27
163200042000
34
6480421600320
6
2640163284000
827
1664803224000
37
3202641684000
17
0163264408200
5
1664032280400
82
6432802160041
367
1603264824000
87
6424160320080
67
6480043201621
236
164232000000
47
6442321680001
867
6440016328200
2
6481640322001
47
1632064280400
86
3208642400161
167
0328642400161
067
6400416322081
127
3241686400201
856
3201664402080
5
320160400020
1357
6432841620000
6
0032641640280
01
4032641602081
157
0163264420801
6
1640326480200
82
3284641602000
57
324020000160
2567
2016326480041
167
6403284160021
167
0432641680200
80
3228166400040
57
2432640160800
4
3282640400160
67
6432821604001
85
2032648416000
817
1624326480000
87
2816643204001
857
3281606420040
367
6440328162000
2
6442001680321
347
3281606420400
86
4328640020161
7
6403240021681
145
6400203248161
14
6423208164000
3
6443201608020
357
6443281600020
57
6480432162001
827
0644320160820
0
4032641682001
817
8232640416000
87
6423208040160
3
6400432162801
12
8164326402001
857
1603264428000
817
6403224168000
17
6424016328001
87
4832641600200
856
3201606448020
3
8321664040020
4
3204064162081
137
6483220016400
85
6423280016040
57
6443201608200
835
2432640816000
87
6481603220040
37
2816326400041
567
416203200000
36
004321602000
01
6402816320040
167
2163264084001
847
6402320168400
8
8163264240000
867
6401684322000
17
6483216200041
567
6401632280041
167
6480216324001
827
6441608322000
37
6408416322001
817
6400164820321
2
6401643200280
15
3201664024080
47
164203200000
3567
3204640162081
4
8324641602000
85
6416032480021
26
320200400160
1367
6401648320200
6
3216486402001
857
0832644001621
0
3228064160401
836
6400203241681
124
320400162081
4
6432421600080
567
3200640824160
12
3200640842160
12
6403200816240
13
6423281600400
85
0644321682000
0
0416643280200
08
6403204168021
137
6404160320280
1
2320641684000
827
321600400020
356
6400843216021
127
8321664420000
867
3204641682000
17
162432000000
85
3264400162081
4
6442803201601
846
4032640816200
81
160032240000
82
3248641602000
57
6403280016240
15
0016643248200
018
6416040322081
247
8216643200040
57
6481640320200
6
6483221604001
857
1664803242000
7
3201664284000
87
6401684320021
167
004320160020
01
0642320160840
06
0032640816420
01
162403200000
3567
0321664284000
87
0432641608020
057
3221686400401
856
0232641648000
087
2032640041681
145
0032640842160
0
3241606400281
356
1664023280400
26
8163264200400
856
6401683240020
17
6432048162001
827
6401682320041
167
4642321600081
67
1602326480400
1
2032640840160
147
6400801624320
14
320160200040
367
3264084160201
826
4642321680001
867
6416840322001
847
6480162320041
267
0416643200820
0
6481643200020
57
6483200016240
35
6401604328021
137
1603264048200
4
432001600020
36
0032648042160
0
0322641684000
0
0163264280400
86
6400023281641
123
0321664040820
4
320160020040
67
1664032480020
7
2032648041601
815
016043200020
06
320021640000
1267
2416643280000
87
6483202016041
357
324000200160
2367
6483240162001
47
0032648016240
0
3201664402800
5
6403202081641
135
6432084160021
267
0640322804161
026
8416326400201
856
6440283200160
67
6408403221601
814
2032640081641
4
6400023216841
123
6442832160000
8
6404816320020
17
6400023241681
2
8032641640020
17
3284640200160
67
4320641680020
6
1664043282000
27
6423200084161
4
6441628320000
67
0816642324000
0
6404163200280
1
4032648020161
17
6402032168040
17
6442832160001
867
0032642481601
810
1632064420081
67
320162040081
4
1603264240080
67
8032642400161
167
1664032840200
82
2416643200800
85
2644328160000
867
4232640160800
6
6482016320040
67
6400283204160
16
6401603248020
137
0232640816040
07
6483220016040
57
6423216480001
7
6421683200040
57
0016643248020
017
3248166420000
7
324016020000
47
6441683220000
87
1684326402001
857
0232648416000
087
6400023216481
1
4160326480021
267
3201646408020
5
6403240162080
47
3248166400020
7
6402016328040
17
3248641600200
56
8016643220040
17
0163264248000
87
6403228164001
17
4232648016000
857
3202640804160
16
6403241628000
817
6416004320821
236
6483204001621
356
160403200200
1356
320000420160
1237
6443200216080
37
2032640840161
147
6483241620000
87
164003220000
2367
004320160200
016
6401643280200
81
4162643200080
6
1664032280040
27
6424803201601
846
6401628324001
1
6442003281601
34
3264481602000
57
6404032168200
1
8032640016240
15
3284641600200
856
6483240021601
845
6401620840321
147
6403228040160
17
6483204201601
3
3281664020040
467
6420168324000
2
6403202816041
137
4016643202081
7
0816643240200
80
6424003201681
346
6401643202801
815
0163264284000
87
1603264040280
4
6421648320000
6
4328641600020
6
6481623204001
857
320160402000
35
0232641640080
07
4642163280001
867
6404816322000
1
6432841600020
6
1603264284000
87
0328640160241
6
8162643200041
5
0032648016420
015
160032420000
1267
6442003216081
347
4320640162801
824
6400403221681
124
2032640804160
146
6416483202000
8
3264082160401
826
6400416322801
2
3201664028040
47
1664823204000
57
6403216480021
167
4216643208000
857
2032641684001
817
6423200416080
37
3241606480201
36
0832642401601
086
6423200816040
37
6403221684001
817
6420816324000
827
400320160200
12
1640326480020
7
3220640840160
27
6428321600040
67
6403208016240
135
320400200160
1367
6482163240001
8
6443220016080
57
3240864160201
826
3220641680400
26
0640163284021
7
6402168320040
167
2644320168000
8
6402328160040
167
8164326420001
8
6440816320200
2
6424321600080
7
6401640322080
147
6424320160081
67
8432640162000
47
6481623200400
5
1628643204000
57
1603264408020
5
160023240000
1267
6432016480021
267
8016643240020
17
6424160320081
67
4832640160200
6
320041620000
1267
163200200040
67
2032640048161
14
6404160328020
1
8432641600020
57
6403241620080
17
4016643208200
815
0163264824000
87
3208064162041
7
8320644200161
267
3264800162041
7
3220864160401
826
6448001620320
347
6400164802321
1
6424003216081
347
6416823204000
85
3282064164001
837
0432648201601
06
8324166402001
857
8432641600200
85
8216326400401
856
2168643204001
8
6423201680040
37
6441683200020
57
2432648160000
67
0416643208200
80
6424160800321
7
322400000160
3567
3280640420160
27
8432641620000
87
1623264080040
67
6403208042160
3
6440832160200
2
6403201628400
13
6416043280020
6
6416283200041
5
0816643240020
07
3281606442000
3
0232644168001
7
8032644200161
167
6423241600080
57
4216643200080
57
8016643220400
81
160003240200
1236
2328641604001
85
6400841602321
1
2032641680040
17
2032640816400
81
6483224160000
67
8432640216000
87
6424016320801
86
3200648420160
127
0232640804161
4
6432800160241
6
0160643280421
6
6423201640080
37
416003200020
356
0032642401681
6
6408043216021
137
6443281600200
85
321600200040
67
4320641682000
827
320001642000
1237
1603264248000
87
008163204201
8
1664843202000
57
0232648040160
0
4832641602001
857
8416326420001
867
6440032168200
2
6404321602080
1
0032641628400
018
6424803216001
847
320160040020
34
3201664248001
87
0232640084161
4
2641632080041
4
0032642408161
016
6403208216040
13
6401620324080
147
6400823216041
127
6403280216400
81
6402016324080
17
6404032168020
1
6404320820161
4
004163202000
01
1632826404000
857
6481603240020
37
0642163280400
086
3221664084000
7
3240641680200
26
6432800402161
36
6408032160241
6
6401684020320
17
6402816324000
817
1664043280200
26
6416082320041
267
3216846400200
5
8416642320001
7
6420163284000
2
082163240001
8
6408241600320
167
6420163280400
2
3208640162041
7
1683264020040
467
6428160320040
67
0324642800161
6
6480403220160
47
0216643240800
08
2640321680400
826
6408023216401
1
4642320800161
467
6401643202081
157
320164208001
5
6408421600320
6
021632004000
8057
6482160320040
67
0163264082401
8
6443201628000
37
8163264020040
7
4641632208001
8
0216643248000
087
0832642416001
807
4032640162800
4
6416840020321
457
3248166400200
8
6432481602000
85
0432641680020
07
6416040322801
4
4321664002801
845
3264428000160
567
1632026484000
87
0321664240800
86
3220641684000
827
320164000200
45
6441680322000
7
0641632082041
7
0641632042081
47
4016326480021
167
2032640164080
17
1603264028040
47
1632846420001
867
3264016280400
82
1664832040200
84
322016480001
7
1640643280200
26
1684326420001
8
0321664080241
6
1648326400201
85
4832641620000
867
6443221600080
5
6481620040320
4
4032641608200
815
0648320420161
47
6442803216001
847
1632486402001
857
3200641640280
16
6408023216041
137
6440016328020
2
3248640020160
57
8432640016020
57
6400823201641
126
1684642320001
6
6423241608001
8
6440163280020
2
4168640322001
847
3284166400200
85
8032640416020
17
6483201640200
83
6416003282401
8
6404016320280
13
6423284160001
7
0163264240080
67
6401602408321
3
0016643228400
018
032281640001
8
162032040000
82
6481640020320
4
6428003216040
34
6441600322080
347
0016643240820
01
4328166400021
567
6432204160801
6
032041620000
06
3264480200160
67
1664803220400
36
3264284160001
6
321602000040
67
032216480001
6
6401632042081
147
6424016320080
367
6400832160241
6
8032640416200
81
6401602048320
3
6404003216280
13
0163264800421
6
2032641640800
81
0162644320801
6
3208264160041
17
3264216840001
8
6424803200161
467
4032640821601
814
6432402160081
6
6416008320421
6
6416020840321
247
160243200000
1567
6401643208020
157
6442016328001
7
320284160001
6
3201664240800
86
6403202016841
135
0016642324080
0
0321664402800
5
3240641682000
27
0432641628000
087
6403280416200
81
6480243200160
67
4232641680000
867
6483220160400
46
0321664420801
86
4016326408021
157
1648642320001
7
6424832160000
86
4032641602801
815
3264204160081
6
160403202000
1357
4232640816000
87
2032640801641
4
6400816320421
6
1664423280000
7
6403280024160
14
2163264804001
857
0160648320421
6
324200000160
3567
6481643202001
857
3216846400020
5
6443208201601
36
6432802400161
3
6441603208020
357
3264016420080
7
6403281620040
17
032216840001
8
320160204000
87
6424801600321
7
160003242000
1237
6416803224000
3
8032642401601
816
6442816320001
867
4032641680200
816
1664832400020
7
2832640040161
4
4163264002801
845
6432040162801
824
6424160320801
86
1664832200400
85
2321664084001
847
1640642320081
7
0321664248000
87
320216840001
8
8324641600200
85
0016643228040
017
6401602480321
3
8032641620400
1
6401603228040
137
324802160001
7
1603264048020
4
3281646420001
867
6441623200800
5
0163264040820
4
8032640016420
15
4640320162800
2
6401643282001
817
6401643280020
17
3216064280400
86
0163264428000
87
0032641620840
01
162003240000
2367
0032641640820
01
2648163204000
87
3204864162001
817
2832644000160
67
4328641602001
85
8321664020040
467
0432642001681
05
3201606440820
3
3216006480421
6
6480003242160
3
6432216480001
6
6400843201621
126
6420016320480
26
2032641640080
17
6401603240820
13
6440832160020
2
1632846420000
86
8641632024000
87
201632080041
4
0321664240801
86
6401683220400
1
0032648416020
017
6400483220160
17
6401604322800
13
3201664208040
57
3202648400160
167
6403282016041
157
6442003201681
346
6423216840001
867
6482043201601
6
6401640322081
147
6423240016080
57
481632200001
8
1682643200041
5
6403240028161
14
4016326400821
156
6403200416280
1
2816643240000
8
6403201640280
13
3240640820160
27
6483240160200
6
6421603280400
8
6420483200160
6
6416843200020
6
6448003220160
4
4328640002160
56
4016643280200
81
8032640216400
81
3201664428001
87
6443216280001
7
8321664024000
847
160423200000
1567
6441602320081
7
6442801600321
46
4032642800160
6
2640328160400
826
400163220000
17
0644320820161
4
3216206484001
837
6481620324001
47
232016840001
867
3264408200160
367
0832640416020
07
2160643284000
82
0416643220800
80
6403220816040
1
0032641648200
810
3201664820040
67
328162040001
4
8321664240001
867
2644320160800
86
2032641608400
5
6408322160041
167
2032648164001
7
3201664204080
5
6408032164021
7
324160208001
7
6401648322001
17
0032642416081
017
4162643280000
6
0644328160020
0
6432241600080
6
6483202160041
367
6416002804321
26
1683264024000
847
6402832160040
167
0324641682000
08
1680643240200
26
3201664084021
7
6408003224160
134
3280166440200
82
6480032162041
7
4642320168001
87
0832640016420
05
6443216008021
47
320001640200
1236
080163240021
2
6424320168000
7
0642321680400
086
1683264204000
857
8163264400200
5
2032640480161
4
6403216824001
17
6403224160080
167
2640321680040
267
3201626440081
67
3201664248000
87
3201606420840
36
6424003208161
346
6483241602001
857
6416208320401
36
4168642320001
8
4216643200800
85
0432641620080
07
6432216840001
8
8164642320001
6
6423200041681
345
0432640016820
05
0163264208400
85
6481603220400
83
3216826404000
8
3201664240081
67
6402032164080
17
4032640820160
147
0160644320821
0
001632082041
7
3248166400201
5
0321664048020
4
6403200816420
13
6432402800161
6
322000400160
2367
1628326400401
8
1643264280001
7
6440032160820
2
6442032160081
67
6423208041601
5
1640643282000
27
0032640824160
014
2032648040160
17
6421643208000
857
6443200281601
34
324201600000
3567
6483200042160
3
6440083201621
36
8321664240000
867
6400421608320
6
6401620048320
4
6401604322080
137
6480032164021
7
0328640402161
06
6401632082041
7
3208642160401
1
3264248160001
867
4832642000160
6
2416643208000
857
6423248016000
857
3216846420001
867
3201664204800
85
4640321680020
2
6401602084321
1
3280264160041
27
841632020001
867
0322166484001
807
1628643240000
6
6481632042001
47
8016643240200
81
6480203241601
824
0232648164000
0
3264800024160
35
6432248160001
867
320016820041
2
6420168320040
267
0232641608400
805
2416640328000
47
320420160081
147
6443201620801
3
2032640416800
81
322004160081
7
3281626440001
867
1603264420081
67
1620326480400
82
6441603200820
35
6480201640320
4
1643264200081
7
6424816320001
867
8163264240001
867
6404216320080
1
3281664420000
6
0432648016020
057
3201686424000
87
4032641608020
157
3264000824160
23
1632806424000
8
6440320168020
2
6416043280021
6
1664083242000
7
0232641680400
08
3216806404021
7
3280166420041
2
6440160322080
2
0816643220040
07
168432020001
8
3248642160001
7
6443201620080
37
320400162801
4
6403202801641
136
3202641680400
6
3264041620080
267
6443208001621
36
1628326400400
5
420163280001
2
1632006484201
8
6441603228000
837
0322644160801
6
8164643220001
8
1603264208040
57
1632064280040
67
2432640160080
467
3240166480020
7
6420816320400
826
4642321680000
867
6423200081641
345
6480423200160
6
6423240160080
6
2320641680040
26
4032648016200
815
168203200041
5
6441603220080
37
6480023216041
237
0232640041681
45
8160640320421
6
3284166402001
857
6416080320421
6
0832640416200
80
6432400160281
36
0432640816020
07
6442160800321
67
320820160041
147
6401628040321
17
0416326408201
805
8324642000161
6
6403241620800
81
0032640416280
01
0416643228000
087
6424832160001
867
2832640041601
845
1632864200400
856
8321664200400
856
6400203216481
12
6402321684000
817
4816640322001
47
4320641680200
26
6400201648320
1
3264841620000
67
008163204021
7
4160643282000
82
6441603280020
37
4216643280000
87
4328641600200
56
6443281620000
87
0032642804161
1
3281664002041
7
201632040081
147
320240000160
1567
6401683240200
81
816403220001
8
4016643228000
817
324001620000
2367
320160042000
34
1664483200200
56
0648320162041
7
3201664082041
7
3281664004021
7
3281606440020
3
1664832020400
4
164803220001
6
0328166404201
8
1608326420400
1
6432401602080
35
0163264040280
4
0640163280421
6
6401643208200
8
6428032164000
87
6404803216200
81
8163264002401
8
6408023201641
136
3280064162041
7
6401624320080
167
4163264280001
8
2016643208040
1
3280166440021
2
1664032480200
826
1664803240200
36
6448021600321
7
816003242001
8
8032641640200
81
6416802004321
6
3264480160021
67
6432281640001
8
322048160001
867
6403200824160
134
2016326440081
17
2160643280040
26
6443228160000
67
6432482160001
6
841632200001
7
6428403200160
6
6483242160000
6
6400832162041
7
008320162041
7
3264400162801
4
6424816320000
867
2320640840161
247
6423200804161
4
2016648324001
17
1664843200200
56
2032640416080
17
1602326484001
817
0644321600280
0
4832640020160
457
0232640416800
08
6480241600320
67
3264200804160
36
3201606482041
7
320082160401
1
8216643240000
87
0416326420801
8
1643264008021
47
0832640162041
7
8032642004161
1
400320162000
12
400321620000
1267
6483202040160
3
4320640820161
247
0016326442081
17
1603264042800
4
3264802004161
356
4032640802160
6
0032642416801
801
6401632802041
7
1664083240200
26
3240064168021
3
6401602840320
3
0163264240081
67
6480016320421
6
322000840161
3
6480023201641
236
3264401682000
7
3220166480401
82
3204641600280
5
0328642160041
0
6403228040161
17
8321664020400
846
2032644800160
167
3202464160081
67
6480403221601
824
8032644002161
1
320028160041
127
6408403220161
147
3220648400160
27
3284640002160
56
3264800204160
36
4640163282000
2
6408403220160
147
1664043220080
26
216032480001
8
6421600048320
3
0832642160041
0
6420016324080
237
0432648001621
06
320421600000
15678
6480322160041
267
8640322160401
826
6408423200160
6
3216064080421
6
6482016324000
87
6442168320000
867
8163264020400
846
6401643228000
87
320400002160
15
320162000400
86
6416083242000
82
1632064084201
8
0432640281601
04
0642321684000
807
0163264042800
4
6428032160041
6
4032642801601
8
3281606404021
7
6421640320080
6
6481632040200
6
6423200164080
3
040320160020
02
320800162041
7
0232640416080
07
3216064084021
7
6403220840160
147
6408032160421
6
160032040200
82
6420832160400
8
1664003240280
6
3264420160081
47
6421604080321
7
1603264204800
85
3284166400021
5
1603264082041
7
322041680001
7
016043220000
06
6401643200820
15
6408320162041
7
1683264002041
7
6403216240081
17
6400168402321
12
0232640081641
45
4032641620800
816
4832640002160
56
6404832160020
1
6441602800321
7
2032644080160
17
6403242160080
6
0016326482041
7
320168004021
7
6402816320400
816
6400481620321
17
6442816320000
867
6443200081621
34
6442320168001
87
320164002000
45
3264482160001
6
322008160041
7
3280640402160
26
6480032160241
6
2648321600040
67
320248160001
867
6408203216040
4
1664432080200
8
6420320164080
27
6420832160040
267
1648643220001
7
8216643200400
85
320401600200
13568
0324640802161
06
3202864160041
67
2648163200040
7
8232641640000
87
2160643284001
8
401632000200
45
6483240020160
47
6401640322800
14
3242640800160
6
6432481600200
85
6420016328040
27
3264240160801
846
6443202160081
7
1620643284000
27
6403241608200
5
6403228016040
7
320160082041
7
0321664820400
86
2641632840000
67
2320644160801
8
1664032480201
8
3216026440080
67
0016644322800
01
6404203216080
17
216032080401
824
6424003216801
8
6483221600040
7
3264280160041
6
3216064280040
7
8032642416001
817
6443280016020
7
3216806420400
8
4640163280200
2
0321664048200
4
4832640216000
87
328002164001
2
6440803201621
46
162032480001
7
3201686402041
7
8163264402000
85
324216000000
47
328016040021
2
1608643224000
17
0648321602401
8
6403220841601
814
0432640081621
04
8642320160400
86
1664403200280
356
6400328420160
17
2641632040081
47
6480163240021
2
3201646420800
86
8432640001621
46
0321664420800
86
6483202001641
356
0641632280401
086
6403216082401
8
6400483202160
6
320008162041
7
8641632204000
5
6416403202080
35
0832640041621
0
0032644280161
017
322001640000
2367
6432201684000
3
2648320400161
47
6440168322000
2
032241600000
06
6403282001641
156
0416326480201
086
0432642801601
08
0324640160281
06
6432041620080
6
8016644322000
17
1603264024080
47
2016643248000
817
321600042000
34
0163264082041
7
6400432162081
127
6416243200080
6
3201626440801
6
2648163200400
86
1683264004021
7
3201646400820
5
3264208400160
367
0216326480401
086
320164000020
45
4816643220001
8
3200166484021
7
0832641640020
07
6401684320020
17
201632840001
17
320016284001
2
1632846402000
5
0432640021681
05
320004160020
12
6401632840020
1
016283240001
8
6423241600801
8
6416280320401
46
4160643280020
6
6403204081621
135
6443280201601
46
6443201680200
83
6421632004080
57
6400843202161
1
6441602080321
7
6401602324800
3
0816643220400
08
4642320160080
67
1642326400080
7
6482320400160
7
3264820160041
47
6402832160041
17
4832640016200
85
6402843201601
6
2416648320000
67
3220166440080
2
6408021604321
1
3281664402000
5
2816640324000
47
4328642000160
7
6481624320000
867
4322641680000
67
4032641628000
817
6442016320080
67
6403208241601
3
401632200801
8
6441620320080
467
321600084021
7
6404023216080
3
6402328400160
7
3280064164021
7
6401603240281
3
6400023284161
1
3216006484021
7
0648322004161
6
6420016328400
8
3201646400280
5
0432642800161
7
004163200200
01
0232640841601
84
3281664204000
857
0641632042801
84
8641632200401
856
6441623200080
57
1603264042080
4
6480003224160
34
3200648402160
126
4016643220800
81
6480401620320
47
1664023284000
27
6481642320000
6
4642328160000
867
4016643202801
815
8162643240001
8
324016280001
7
6442016320801
86
3216026484000
7
6481632024000
87
6420403208160
6
4232640800160
67
6432284160001
6
3264016480201
82
6408163204201
8
6400201648321
14
0164642320801
6
163200040200
34
320204160081
6
2032640481601
4
201632040000
167
320160802041
7
0163264240801
8
320420000160
56
001632040020
1
6401683220040
17
320160804021
7
6403208041620
5
1603264802041
7
1632846400200
5
164023200000
2567
6401600842320
13
6420160320840
2
1603264428001
7
6400803224160
14
6440281600320
6
321604000020
45
8432642000161
7
2432640800160
467
6402163284000
817
320200160040
1
2416643200080
57
6401640320280
6
6423204160081
7
4322640800160
67
0416643208020
7
6480403202160
6
6400081624320
1
4640328162000
2
8641632040200
6
6403200842160
3
6481604020320
37
6443200162081
37
6408403216020
17
1642643200080
567
3241664208001
7
8163264024000
847
6416402320081
6
6440032168020
2
2640328400161
27
6483216002041
7
6423200048161
3
4320166480021
267
6483220041601
845
6442321600081
67
001632040200
06
6483204020160
37
6421684320001
7
0032642801641
0
041632208001
7
0162643280401
80
0832640021641
05
2032641608040
157
4328641602000
857
324800162001
4
4816326420001
867
8324640002160
4
1664243200080
57
0640328420160
07
8432640021601
8
6400083224160
13
6442160320080
67
6416248320000
8
320400160821
136
1602643284000
17
0642328400160
7
6423208016040
357
6403282160401
1
0216643208040
0
4832640021601
845
6401603248201
83
320042168001
1
2641632040800
6
6404321682000
1
6481620324000
4
0641632840200
06
1603264040820
4
0032648041620
5
6400162840321
2
0032642480161
017
6432080160241
6
6420803216040
4
6401648320020
1
3220864160041
67
6420321680400
826
6401603284021
7
320016040200
812
0816326440200
06
4016643280020
17
6400483221601
812
1603264084021
7
6483200041620
5
6403221648000
87
6408162320041
167
0016644322080
0
0032644082161
1
6483201640020
37
6421643280000
7
6403241602081
157
6416420320081
67
3281664240000
867
3204064162801
813
8324640002161
56
6440003281620
2
6482403216001
47
0832640241601
0
1632064480200
26
6403282160041
167
6480023241601
2
6440816320020
2
016032082401
8
6483201620040
37
0032648241600
01
0832642001641
0
6432841602001
8
0168643224000
0
16020000000
137
6403221600480
1
6483204162000
37
3281646400020
5
6443280020160
47
320162004000
857
321602400081
5
8163264040200
4
320160420081
3
0641632480201
806
2016643248001
17
016832002401
8
6403201640820
1
6400168420321
12
4168326420001
867
016032482001
2
3281626400040
567
1680326440200
82
0432640821601
80
6443228016000
85
6400483216020
17
0016642324800
0
0324641680200
80
322401600000
35678
4168643202001
85
6483221640000
87
4642320160801
86
6443216002081
57
3281646400200
5
0232640840160
0
416832200001
8
0232640480161
4
6440803201620
2
6480162400321
267
4642320168000
87
6408403202160
6
6443280216000
87
2640320164800
82
0432640820160
047
6408162004321
1
160083242001
1
6440016320280
2
6408232164001
817
320160040200
346
0322648160400
0
6432840020161
457
321684200001
5
6401620084320
1
008163200421
6
4032640016280
1
6443216082001
87
1683264200040
567
322040160081
467
1620326480401
2
6443200021681
35
0832640024160
0
201632040801
814
6403220840161
147
8322640400160
7
163202400081
5
3240064160821
2
6423240008160
6
0322648400160
07
320080160421
6
6420816320040
267
4648320200160
67
6416043282000
8
3281606402041
7
6440801620320
47
2644320160801
8
0232648041600
0
3280641642000
27
164832200001
7
6416032082401
8
324021600000
2567
042163280001
0
6482320160400
6
8432640201601
4
6416802320041
367
3201664804021
7
4328641620000
67
0160643282401
8
6440032162800
2
6428016320040
67
6481600240320
3
3202648160040
1
0648163200421
6
6443200821601
83
3201664080421
6
320160428001
3
0640321682401
8
6443228000160
67
6421643200080
57
816203200041
5
4032640028161
14
1604643280200
16
6480232164001
827
3204264160081
17
6481604320020
37
321684000021
7
6404032160820
1
6442016320081
7
4320641682001
8
032041600020
026
3280641640200
26
3264042160801
26
6483200216040
37
3216486400021
5
1642640320080
7
6480032160421
6
6403240016280
15
8642163240001
8
001632420000
0817
8432640021600
85
8641632400200
8
6483241600200
8
1683264240000
867
0163264200480
56
320000402160
1236
0321664028040
47
6440163280021
27
0832641640200
08
6443202801601
83
0032640821641
01
3216806424000
87
160432000200
845
1603264400820
5
4016643282001
817
0321664280400
86
0432648020160
0
1608643242000
7
6402032160840
16
6443200028160
3
032016084201
8
6424032160800
86
3281664040020
4
016083240021
2
402163280001
1
6416043220080
6
6432041682001
2
6420321684000
827
1603264482000
17
6432840162001
847
0641632842000
0
2032641648000
817
3204166400280
15
0432648162000
07
3201664820400
8
6441632208001
7
6443282160001
7
320162040801
4
6400483201620
2
6424032160081
6
6421643200800
5
1603264082401
8
6484016320020
37
0641632420800
08
6401600248320
3
0648320024160
05
6408320420161
147
6443220800160
467
6483200416020
3
216032840001
8
6480203216040
4
2832641604001
857
6432421680000
86
4232641608000
857
4032648160200
6
3280640164021
7
2416640320080
467
3281664042000
4
4648321620000
67
481632020001
86
3216064480020
6
0642328160400
086
6442320800161
467
320020160040
6
6481623200040
57
6440321680200
2
8432642001601
8
6443216200081
7
232016480001
8
8163264040020
4
6432216080401
6
6480403220161
47
0416326400281
0
6432016284001
2
3204064168021
7
320002160040
36
216032040000
6
3200864160421
6
0432640821600
8
0816644322000
07
4032642800161
7
6483200421601
83
328164200001
5
6401623284001
817
324001600020
36
8162640320401
6
3216864200400
856
3264240160081
46
6483216024001
47
6401640028320
4
001632240000
06
6432040162081
24
2832640160400
4
0163264048020
4
800163242001
817
320160240801
3
328402160001
6
3201664048020
4
6401620840320
147
6423201600480
35
6428003201640
34
6401632040820
1
6441603200280
35
3204641602080
17
6441600802321
4
3264841600200
56
6432400802161
3
6480416322001
827
6432401600280
35
0032644081621
0
1640643220080
267
1600643240280
2
1664832400200
856
0641632240800
06
816432200001
6
0032648024160
01
1683264420000
867
240163280001
2
6432480160201
86
6440832162000
2
6441608020320
7
322040160801
846
016483200021
5
6416284320001
6
001632042801
814
6403241600280
1
3201664042800
4
0232640481601
4
1643264028001
47
6408163204021
7
3281626400041
57
6480403201620
2
2016326440800
6
8642320160040
6
0641632842001
87
6443216028001
47
6400803241620
2
0832640041620
5
1664843220000
67
2832640416000
87
240321680001
2
0640163282401
8
3208640420161
1
6403202401681
3
4016640322800
14
320840160021
167
6408163200421
6
324020160081
47
1620643280400
26
208163200401
6
4162640328000
8
001632842001
817
0816326442001
87
0164640320280
4
320040160200
12
1683264240001
867
322084160001
7
6403241608020
7
0032644821600
8
3280642164001
2
4160643220080
6
2032648041600
15
2432641680000
7
1603264248001
87
0832642164000
0
1642640328000
87
3264216080400
4
2163264804000
5
6423281600040
57
6432082160041
267
6484203216000
87
0016643248201
08
6423200840160
3
6408320024160
15
6482403200160
7
4160642320801
8
6420320840160
4
3208640204160
1
6401604820320
3
8032642040160
1
6443202001681
35
4320640802160
26
0832644162000
07
0032648416200
810
6483200241601
3
6483216004021
7
1642326480000
7
3228641600400
56
0642163280401
80
6424032168000
7
6408201604320
14
6442003280161
3
4328640162001
87
8432641602000
85
6483202400161
3
6483220164000
47
8321664040200
4
6416820320401
86
6432841602000
8
6423216040081
4
8032640421601
8
3264816240000
7
3264016820041
2
1682640320040
6
6424803216000
7
8641632024001
87
6401632024800
1
6403240162081
147
6483216042001
87
324160280001
7
164032020081
7
1603264804021
7
6416204320801
6
4232640016800
8
0321664024080
47
0642163284000
087
4640321680200
26
001632042081
147
6403221640800
81
6416823200040
6
0324642160081
6
3281664020400
4
6442163280001
867
3201664040820
4
6481640322000
47
6483240016020
5
0163264248001
7
0232640801641
46
2641632040801
84
6401642320800
6
4640163280201
6
322160004000
87
0216640324080
0
6404203216081
1
6400803216421
14
4232648160000
6
2324641680000
867
6432821640000
6
040321620000
0
6484162000321
6
6480320162041
7
6401623240800
81
0032640416820
01
6401604028320
13
2641632004800
85
6442160320800
6
6483200016420
3
0168643200421
6
6416802320040
3
6403208416200
1
324082160001
7
3281664204001
57
0640324802161
026
3264416800200
85
6443282001601
85
6401643220800
81
6420320164800
2
6423200016841
35
320480160021
167
001632204000
5
080320162041
7
0648163204021
7
8163264042000
4
0232641684001
87
2168643204000
5
016032842001
82
416832020001
867
6420032164080
27
324160082001
47
8016326440200
6
6480003241620
2
3242166400080
7
416032020000
4
2016643200480
1
241632000000
567
8032640041620
5
0832640241600
0
6443280162000
47
6403204082161
1
6400832160421
6
320080164021
7
6484032162000
7
6403202804161
1
320160020400
86
3264480002160
56
6443280001621
46
8641632204001
87
016243200000
06
3201606428040
37
2832641640000
8
321600040200
34
6481600402321
4
3201606484021
7
6440216320080
2
2032648016400
8
3264040168020
2
6400243281600
8
164003200020
35
0016643248021
17
328160004021
7
0321664248001
87
2016326440801
81
324021600081
257
1664832420000
67
3264040162800
2
8324640160200
4
8163264420000
867
3242648000160
6
3201646480021
6
4648322000160
5
6403216040280
1
0320642804160
02
016032420000
06
6404003216820
3
4320642800160
7
0648163202401
8
6403280216040
7
3228166400400
8
6432480002161
6
8321664400200
85
3201606480421
6
3202166484001
8
4032648162000
17
6403216408021
157
3200641642080
7
0432640216800
0
0832640042160
0
6421600324080
37
281632040001
847
328016020041
2
8432640020160
47
163202000040
2567
2816326440001
87
320241600000
1567
6402320168040
17
6483200021641
35
6416483220001
8
4016643220801
8
0648324200160
67
6443200021680
5
3264080164021
7
6441602328001
7
6403216042081
17
6423201608040
357
3264820004160
56
2032640168400
14
163204200081
5
8321664204000
857
3201664480020
17
6403240168200
1
4641632028001
87
8163264020401
4
6483240162000
47
6401602840321
1
0032642841600
01
8163264042001
7
0163264084201
8
6480320420161
24
6402432160081
1
6420001648320
3
8016643242000
17
6483241600020
57
6441683200021
5
1643264082001
87
2432640801600
8
320240160081
467
6400320824161
1
4832642001601
8
0032642481600
1
6481632200041
57
8320640402160
4
6443220160080
467
6400243280160
17
3248641600020
6
3280464160021
26
0163264048200
4
6402160328040
17
160283200041
5
0642320168400
0
3264816400020
7
6482401600320
6
1620326480040
27
6480320420160
7
0216644328001
7
4832641602000
57
3201686400421
6
201632004000
8157
6432020840161
2
6401683240021
1
0832642041600
0
320042160801
126
6441600820320
7
164023200081
267
6443200162080
347
6401600824320
1
0163264482000
8
816432020001
8
6416048320020
2
3201606420480
6
8163264000421
6
016283200041
5
320016042000
12
0032642401680
1
3264400160821
36
6440023201680
3
6403216280401
1
4232640016080
7
3264082164001
2
040163280021
267
6443201680020
37
0032644281601
018
6403220804160
4
0232640840161
47
8163264204000
857
6400843216020
17
6481632024001
87
0322640804161
46
328000162041
7
6420320168040
27
2032648004160
16
0648320204160
4
0163264240800
86
6408003216420
13
8216643240001
8
6421603208040
357
6423201600840
35
6481643220000
8
0322648160401
86
6408163202401
8
3201664048200
4
4032640162801
14
6403201648200
1
6401620324800
1
6416482000321
6
3224641680000
7
6443280021601
85
6484023216000
3
2432648016000
57
2832641600040
57
400163280201
826
4162640320800
8
3264801642000
7
4832640020161
47
6420160328040
27
3201646420080
67
6480160420320
7
4640320820160
27
4232640080160
7
322040168001
8
0032644820160
017
6402803216401
14
0163264820040
6
0232641608040
057
1664232080400
4
016432000200
45
6483200041621
3
6403280016420
15
163200084201
8
3224166400080
57
4032641600820
15
0016326442801
81
0640163284201
8
4648321600200
56
6402321680400
8
321600082401
8
6402403281600
8
3208464160021
6
8320166440201
8
0162643284000
0
0163264804201
8
3221606480401
836
6416283240001
8
3264208160041
7
3264248000160
6
2640320804161
4
032016240000
7
3264201680400
36
6443202800161
7
328160240001
3
0432640820161
07
0321664480200
80
8432640001620
5
3208166404021
7
322416000000
5
1603264024800
84
6420832160041
26
3201646428001
87
0162648320401
06
320040160020
12
2032648160400
1
6441620328000
47
3284064162001
837
6400843201620
2
6443220001680
5
1603264240800
86
6421604328001
7
4216640320800
6
6400043281620
2
6420032168040
7
281632000041
4
6443280021600
85
6442160328000
8
6403221680400
1
4648321602000
57
6484021600321
6
321648000021
5
321600080421
6
4032640028160
145
320160084021
7
6440032162080
2
3208064164021
7
0232640841600
0
6404832160201
6
6432842160000
7
0163264028040
47
0641632042800
0
6481632204001
87
0163264080241
6
040163282001
807
6443200821600
8
6401632024080
17
6403200421681
13
081632002041
7
4648163200201
8
0032642164800
0
432001620000
2367
4016643208020
1
0032641628040
017
6480203240160
4
6483200416200
83
1664403280200
36
6400321682401
8
6404023216081
1
6400320824160
1
6403216280041
167
432016080201
826
6480043216020
37
3220166480040
27
3264816200400
85
3240166420080
7
6482032160040
67
6403280041620
5
6432200840161
4
2032640804161
46
6428163200040
67
6400203281641
12
6416802320400
3
6448023201600
3
0432641682000
8
4832642000161
7
004321600200
0158
2416326400800
6
6403204162080
7
4032648216000
817
6442320168000
7
3264421600080
5
163284200001
5
6483242001601
5
6404023216800
3
2016640324800
1
6416002328040
3
6482160400320
67
0816643204021
7
6443280001620
5
1632026480400
86
216432000000
6
6400423208160
6
8032640241600
1
6483220040160
47
3281646400021
7
6408023216040
3
4160642328001
8
3264028160041
27
0216643248001
08
328162000041
457
1640326420080
7
6432821600040
56
1608643220400
16
6482160320400
86
6480203240161
47
0328640024160
5
320016084021
7
3264280400160
67
0032648240160
01
324162000081
47
001632482001
7
3241664002081
4
6402816320401
16
0032642840160
01
322016084001
7
4232640008160
6
1632864020400
846
3240064160281
236
6401632840200
6
0432641608021
07
1604643282000
17
8032642160401
1
6432002804160
2
216832000401
845
3264240800160
6
081632042001
847
320164200801
5
0641632024800
80
2432640081600
85
401632020801
16
0162326484001
807
6480232160040
7
3201664802041
7
3281606424000
8
324168200001
7
4648320002160
5
8032640024160
14
2648163200401
6
3281664240001
867
0163264024800
84
320040160821
126
3241664280001
7
3264816420000
7
0816326424001
87
324160080021
367
016483220001
8
6432004160821
2
6408203204160
146
6432248000160
57
8640322400160
6
320160080421
6
324160002081
47
3264816400200
85
0832640216040
07
6483202401601
3
802163240001
8
041632200081
7
0163264204800
85
2832640040160
47
6408401620320
7
6432042160080
7
6421632084000
7
6400821604321
1
6401643220080
17
6424016320800
836
6404032160821
6
6401623248000
817
2416326480000
6
0416643280020
07
0032640824161
01
6481640020321
47
6416048322001
827
324820160001
4
320162000040
67
4320166480201
8
400163282001
817
232016080401
86
3264800042160
3
032016042000
02
416003220000
36
432201600000
3567
6440023281600
3
3281606400421
6
6432216400081
6
6402843216001
17
2032648040161
17
6408320024161
4
6443201608021
37
8032644162000
17
6403282016040
1
1602643280400
16
4640163280020
27
6400483220161
1
041632002081
47
3240166480201
2
320168002041
7
6480023216040
3
6401680024320
4
0232641648001
87
0432640162800
4
2432641608000
857
1683264402000
57
3264840020160
57
0641632480200
8
6416823200401
86
3281664040200
46
324162080001
7
3220864160040
6
6423241680001
8
3264000842160
23
2320640804160
2
2640328164000
2
832016240001
8
6401632480021
67
6424163200080
67
6481603242000
7
1664832200401
85
6400243216080
1
3281664024000
847
6416802320401
86
324816000021
5
6440803221600
82
328400162001
4
2032641680400
1
6440016322080
2
6483220004160
46
3264840002160
6
6401623208040
157
0163264428001
87
6416084320020
2
432216000000
47
320040162000
12
6416232080400
6
1664403202080
7
328160040021
367
3264208160401
8
321600084201
8
1632206484001
837
6400483221600
8
1683264200041
57
6441620080320
47
6421640320800
6
321648200001
6
6403242001681
5
6403216082041
7
1683264042000
4
6403202816040
1
6423200841601
3
6408403221600
8
1632826440000
6
401632208001
8
6442163280000
867
4032641682000
17
2032640841600
1
6408023201640
3
6400243201680
2
3220464160801
8
2640163280400
26
328416000021
5
6404816320200
81
0321664204800
85
1603264240081
67
016032042000
0
6423280001641
45
324001682001
7
6416002320840
3
6416024320080
2
2324640160800
4
8641632420000
87
016832020401
86
3264021684000
8
8032642401600
1
1624643280000
67
163204000020
457
2168326400401
5
1683264040020
4
008321602401
8
1632864200040
5
0164643282000
80
8644320160200
6
001632042000
0
6432208400160
37
6424320160801
8
6480401602320
6
6402083216040
3
0322640840161
4
322160000040
36
6443221608000
85
432816200001
8
4640321682000
27
080163242001
807
0321664428001
7
0016643284021
7
2164643280000
86
6483200024160
4
6416480020321
4
6402320804160
4
2416326400080
6
2320640804161
46
320168000421
6
6441620800320
6
3201646402080
5
328020160041
247
6442032160080
67
6401642320080
6
816203240001
8
328000164021
7
4216648320000
6
2432640008160
6
8320641642000
82
2032641648001
87
0321664240081
6
320482160001
6
041632000020
45
0640320824161
4
8320640420160
47
6440821600321
7
0432640021680
5
6416004328020
2
328160042001
847
6443200820160
347
6408203240160
4
6423201648000
837
0432641628001
07
3202864164001
817
328400160021
367
6482003216040
34
3264800160421
6
0232641640800
80
6421603240800
8
8324640160201
86
2432640080160
47
3264816020400
4
322000160040
36
2832640164000
47
1664483202000
57
6402803216040
4
163224000000
47
4162643200081
5
6420328400160
6
0640320824160
0
6403282004161
1
6404821600321
6
8432641600021
7
3216046420080
67
6443281620001
7
0232648016040
5
4641632020801
8
8032642041600
1
3264204160801
6
432016280001
8
6448320020160
57
801632024001
87
3264408002160
356
2640321684000
827
324168000021
567
6403240162800
4
3208640024160
15
0416640328020
4
6403280162041
7
6416040328020
2
6401602324080
3
6481603204021
7
041632002000
45
8321664042000
47
6480163242001
87
6483216240001
87
6443220081600
5
241632080001
4
322040160000
2
1683264040200
4
3220641680401
6
320241600081
567
6423241608000
857
0644163280200
0
3201686420040
67
6400243208160
16
832016040201
8
401632020000
4
2816643200400
8
328416020001
8
3264481600200
856
324080160021
267
3264008162041
7
4016648322000
17
8432641620001
7
6423201680400
83
6416843202001
85
320200804161
3
6440083220160
37
6400803216420
1
6400241608320
16
6423240160081
47
320082164001
2
6403216804021
7
3281664200040
57
160032042000
1
001632024000
8017
320240160801
846
0432641600280
05
6403200821641
1
3220464168001
8
160243200081
157
6421640008320
6
3201606448200
3
6401628004320
1
2832640164001
4
6480032162401
8
2648320160400
86
0321664842000
7
2321664048000
47
6420401680320
7
6482003201640
34
2648320004160
45
2032641680041
7
6424032168001
8
6404016320820
13
6432482000161
6
2320166480401
6
328042160001
267
164203200081
357
6480023201640
3
6404320160820
1
1623264008040
7
432816000201
856
2641632800400
56
6400241680320
17
6481602400321
3
0832641620040
06
2016643208400
1
2016643280400
81
1632046420081
67
1632864240000
6
0322640168040
0
081632024001
7
4642163280000
7
4232641600800
856
800163240201
2
008163202401
8
160803220401
6
2641632084000
8
6421683240000
7
0216643200840
5
6442321680000
86
401632028001
1
3264080160421
6
6440160328020
2
2320648160401
86
0322641680401
86
0321664420080
6
6400283240160
17
6416280320400
8
320420160801
814
3216806402401
8
1632026480040
6
232016040000
2
6443208162000
37
2640324800161
7
6400403216820
1
6403200416281
1
3264802160401
86
3221664800040
6
2644163280000
6
3216046420081
67
6443281602000
85
280163240001
267
320240160000
1
432016020000
47
2432640168000
4
6400832162401
8
0216643280400
08
3264241600080
567
6482032160401
8
6443201628001
37
6403240162801
1
4032640216800
81
0320644802160
26
241632000081
7
0640328402160
06
320402160801
6
6424003216080
37
3241606402081
7
3264201684000
37
2432641600080
7
328164000021
567
6400403228160
14
4016648320200
6
6442163200080
67
6484216320000
87
021632040000
06
0232640164800
0
8321664402000
5
0216643284001
0
6441632200081
7
2640163284001
27
2321664040800
4
041632082001
47
3201646420081
67
4321664080201
6
328160002041
7
4160326420081
26
4032641602800
15
0032640421681
1
6423280416000
7
8642320400160
7
3284264160001
7
0832644020160
057
0321664820040
6
6423240800160
6
3220464160081
67
6440032160280
2
6432020804160
2
4016326420081
1
1664283200041
5
6483240016200
85
6440321680020
26
6402160320480
16
6401603248021
1
0416643200821
5
4016643200820
5
6443208216000
837
6443281600021
7
401632002000
45
081632020041
6
3240642168001
7
0816643242000
7
6440832162001
7
320016280401
1
6400162804321
1
2648321600400
86
6400401628320
4
328040160021
267
6443282000161
7
0322166480401
86
322016040000
82
8640320420160
7
6441620320081
67
3264016084021
7
4641632200801
8
3220064160840
36
6440816320021
67
4032640208160
6
163248000201
8
1664832200040
57
6440816322000
8
6401624320800
6
0320640842161
0
021632000040
06
3264408160200
6
6481632020041
6
040321682001
827
321602080401
4
3264040160821
26
0416640322080
7
6443221680000
87
2832640016400
85
0416326482001
7
1640643220081
2
3264841602000
57
6432401680200
8
3202648160041
67
6403248016020
17
3280642400161
267
8640163242001
87
2640320804160
4
1683264042001
8
3216264080400
6
3264402160801
6
164032020000
47
1632826400400
856
6401682004321
1
320200160400
1
6484003216200
83
6480403216021
4
328160204001
357
1640326480201
2
6484016320200
8
4648320020160
57
6403280021641
1
3264801620400
36
164003220081
267
6416823204001
85
6402016320840
1
8032644021600
85
2416643208001
57
3264082160040
6
0163264400280
5
3264821600400
56
6404032168201
8
6421680324000
7
3264416080200
8
6402483216001
17
6403242160800
6
0322640804160
0
6416002320480
3
032016284001
2
2328641600040
5
6423201640800
83
0816326442000
0
6402016320480
1
0432640028160
0
0641632248000
0
2320641680401
86
0644328160200
6
6441632020081
67
3201626448001
7
1664432800200
8
0321664024800
84
6442016328000
87
6440003281621
4
0832640421601
0
6404203216800
81
2641632048000
7
1664823200400
56
6440203280160
47
6416402320801
6
0016643220840
0
0648322004160
05
8324642160001
6
1680643242000
27
6416832020401
8
041632020081
067
0160326482401
8
0216326440800
06
8432642160001
7
4162648320000
8
322160040000
36
0416643208021
57
0644328002160
0
080321642001
82
6408203216041
1
1604326480200
81
0432642160081
7
3216026480040
67
201632000400
156
041632020000
4
6416240328000
8
032216080401
8
3202864160401
8
0168326402401
8
1683264024001
7
3264820040160
5
6400083242160
3
0232648041601
85
6423200408161
4
3202641680401
6
3284642160001
6
6440032162081
7
6420803240160
4
6484321600200
8
4328640020160
57
0321664208400
8
0416643220080
07
6416002328400
3
6483240002160
6
6416832200401
86
1664203280400
36
032016040200
02
3201626408040
57
6408023204161
1
3200264160840
6
0032644281600
8
328420160001
847
6423241600800
85
6428320164000
87
4032642008160
6
2640163280401
26
8216640324000
8
6440203281600
82
6404321600280
1
2416326480001
7
6432280160401
6
2432648000160
6
6483200420161
3
6421603200480
5
1664032280401
82
6420083201640
3
0324641602080
05
6420032160840
6
6403216428001
17
3221606400840
36
6400083241620
2
6428321600400
6
2324641600080
567
6432016084201
8
6443200820161
37
1642643200081
5
6400403228161
1
3241664080021
67
6402160320840
16
6423200416800
3
4642320800160
67
3216826400401
85
6423280041601
4
4648163200020
7
6480160324021
7
6420401608320
6
0216326448000
0
3201626404080
57
6400281640320
7
6401602804321
1
3216864000421
6
0648163224000
7
6408160420321
1
4640320802160
2
2648320164000
8
0640324802160
2
6420083216040
3
3216864024000
7
6421603200840
5
0163264420080
6
8232640016040
7
6440321682000
2
6400216328400
8
0016326442800
0
0641632204800
5
6432800024160
5
3204641680200
1
3201606424080
3
6481620040321
4
6441623208001
7
3284640160021
7
6441620320800
6
8016326424001
8
6432200804160
3
6404016322800
1
6482003204160
4
1603264240801
8
6480403216020
7
3240648200160
2
2032641600840
5
0640322804160
0
6401608024320
1
3264800240160
3
8641632020401
6
6480403221600
8
0324641600280
5
3220648160041
67
2160643280401
6
6403200824161
1
2641632004080
7
4640320162080
2
2640320168400
2
2160648324000
2
0032644280160
7
6416023280040
6
0648320204161
6
6440803220160
47
6400483216021
1
0641632024080
0
3240641682001
7
4320640820160
2
6416024328000
2
6423216400081
7
6408160402320
6
6443208020160
37
6424032160801
6
6428401600320
7
6420163284001
8
6484003216020
3
0416326402080
5
6441603228001
8
6400403282161
1
0016326448200
0
0321664028400
4
3208641642000
7
0032644028160
1
6432280400160
7
6408203216400
4
3201626400840
5
6440216328000
2
6402832160401
8
6402016328400
8
1664203284000
7
6402163280401
8
3220166480400
2
6416423200080
6
3264420160801
8
1628326440000
7
1683264400020
5
8016326420041
6
6480203216041
7
