160032040200
82
320160024000
813
3202166484001
817
162403200000
3567
6483202001641
356
0032642416801
810
8016643220040
17
8163264040020
4
6480403220160
47
6408043216021
137
0322641684000
0
320041620000
1267
1603264428000
817
0321664402800
5
4163264002801
845
3248166400200
85
040320160020
02
6403220816040
1
2321664804001
857
4016326480021
167
8432640016020
57
3220166480401
82
6402168320040
167
004320160020
01
6403228164001
17
6482320160040
67
6480201640320
47
3204064162081
137
8321664040020
4
2016326480041
167
8232641600400
85
163200400020
35
6402016324080
17
6442816320001
867
4328641600020
6
6400201684320
4
6481602040320
3
8032642400161
167
6401683240020
17
6483220041601
845
6401648322001
17
6442320800161
46
0163264280400
86
2016643284001
817
6401684322000
17
6432040162801
24
0641632408201
805
320160402000
35
2016640324800
14
0321664420801
8
0321664208400
85
6416083242000
82
6403241682001
817
6400823216041
127
8163264200400
856
6420832160040
267
3208642400161
167
6404016322080
1
6432016480021
267
8432641620000
87
0321664820400
86
3220640840160
27
6420816320400
826
4032640820161
147
6443280216000
87
0432641608200
085
164203200000
3567
0321664240081
67
6408216324001
817
8321664204000
857
3241606408201
835
0232641608400
805
032041620000
06
6403224168000
17
6481640322000
47
6483204001621
356
3216806420400
836
6402832160040
167
3228641600400
56
6480203240160
47
6400432162081
127
6403221640080
17
6400403221681
124
3224641680000
6
3201664240081
67
4032641680020
17
6442160328000
7
4032641682001
817
2416643200800
85
3248166400020
7
3281626400400
8
032041600020
026
160243200000
1567
6403208016240
135
6400203241681
124
0832642400161
067
4832640216000
8
4832640016200
85
4032641680200
816
0163264208400
85
4640320162800
2
1620326440080
7
1628326400401
85
6424803216001
847
3264080402160
2
6416020840321
247
160423200000
1567
0032648416200
081
6442163280001
867
3284640002160
6
6483200016420
35
6432802160041
367
3201626448001
8
6423200084161
4
4642320800161
467
6404816320200
81
6432401602080
35
6481602320041
367
6401632280041
167
6423201648000
837
8163264240001
867
6400483220160
17
2016648324001
17
6483220016400
85
320160200040
367
6480162320041
267
0163264240800
86
6416043282001
82
6408416322001
817
2640163284000
827
6400421608320
6
6483200024160
34
3264016480201
8
0416643220800
08
2160643284000
82
3202864164001
817
0032640816240
01
0432641680200
80
320162040081
4
6403241602801
815
3281626400040
567
6403221684001
817
6443200820160
347
3200648420160
127
320021640000
1267
0163264248000
87
6403202801641
136
6401683220040
17
0321664248000
87
6401643208020
157
6401640322081
147
3284641602000
57
3201664248001
7
320016240000
82
2032641680040
17
6404320160820
1
0232641680040
067
3264016420080
7
8432641600200
85
3264400162081
4
6401602840320
3
3220864160401
826
3241686400201
856
6408403220161
147
2816643200400
85
6424320800161
467
6404032168020
1
6443201608200
835
164232000000
47
8216643240000
87
6401603220840
13
6401643202801
15
3208064162041
7
6443201680020
37
6424816320000
867
6481603240020
37
3240864160201
826
0416326480201
806
6401632408021
157
0640324802161
026
6481643202001
857
2644320800161
467
3281646420000
8
6402032160840
16
2644320160800
86
4642328000161
567
1680643242000
27
320001642000
1237
4832641600020
57
4032641602081
157
6401684320021
167
0328642400161
067
0832644201601
086
6404016320280
13
6480203241601
824
3220641684000
827
0032644281601
810
6420168324000
2
3202648400160
167
6401680024320
14
6424803200161
467
3200640824160
12
1683264240001
867
8164326402001
857
6424016328001
87
6404320168020
1
160003242000
1237
0232640084161
4
1632846420001
867
4232648016000
857
6403202081641
135
0163264240081
6
1664843202000
57
0321664048020
4
6480216324001
827
3202641684000
17
6424083216001
837
6481640322001
47
322401600000
35678
6481623240000
7
6424803201601
846
3200640842160
12
6400823201641
126
6483221604001
857
0232640816040
07
0416643200820
05
3284641600200
5
1664823204000
57
160043220000
1267
6483202016041
357
3201664028040
47
1664083242000
27
8232640416000
87
6432841602000
5
6480023216041
237
016043200020
06
0216643248000
807
6442803216001
847
6442032160081
67
3201664428001
87
4163264082001
847
4168326400021
567
8216326400401
856
2032640081641
4
6481604020320
37
6480401602320
6
3241606400281
35
6403241620080
17
6402816320040
167
6424816320001
867
0232641648000
807
3216206484001
87
1642643200080
567
8641632200401
856
4328166400021
567
3280640162041
7
6481642320000
6
6416843202000
8
6424003201681
346
3216026484000
87
0324641682000
80
6442816320000
867
3240166480200
8
1603264248001
87
3200641640280
6
6408023201641
136
6400803224160
14
6483221640000
87
3216486402001
857
6442083201601
836
0032642480161
017
8032641620400
81
8032642401601
816
3240641680200
26
6408162320041
167
1664032480201
82
1628643204000
57
1664832400020
7
4032648216000
817
6480023201641
236
6403282160041
167
2016643240800
81
6423200416080
37
2032648040160
17
6443281600200
85
1603264040280
4
320400002160
1356
6408241600320
167
4816643202001
857
432001600020
36
2032648041601
815
8032640216400
1
3264002804161
236
6442803200161
467
6402816324000
817
6403200416280
13
6440816320200
2
6421683240000
87
6401643280020
17
4160326480021
267
6432821604001
85
6423201608400
835
6423200804161
4
6423200840160
3
3281664020040
467
1664043220080
267
0032641640280
01
1632064280040
67
8320644200161
267
160403200200
1356
6400416322081
127
4032641608020
157
0432641608020
057
0032648042160
0
3264008420160
3
2163264084001
847
3208640162041
7
1624643280000
67
6483240021601
845
6403221648000
817
1664832240000
7
3281626440001
867
4321664002801
845
4216643200080
57
0032640842160
0
8016643240020
17
2832640416000
87
2032640041681
145
6404320820161
4
163200200040
67
1664032480020
7
6442803201601
846
321600200040
67
6423208040160
3
8163264042000
4
0032644162080
0
0016643228400
081
0032640824160
014
1603264240080
67
3204640162081
4
6403204081621
135
2032640048161
14
0321664284000
87
8163264020400
846
0163264800421
6
320160400020
1357
164003220000
2367
6482016324000
87
6424320160800
8
324216000000
47
320008162041
7
320016420000
17
6416040322081
247
3264841602000
57
2032641608400
8
6403201648020
7
6432084160021
267
6401604328021
137
2648163204000
87
6432481602000
85
1642326400080
7
8032644200161
167
004321600200
0158
0644320820161
4
3216064280400
86
4832640020160
457
320401602000
1357
6442003201681
346
163200042000
34
6432048162001
827
2641632080041
4
6441623280000
7
1664832040200
84
1603264280040
67
0032642481601
801
6442328160000
86
6403216480021
167
8320642400161
267
1603264248000
87
6403242160800
6
3201664284000
87
1603264208040
57
3280641640200
6
6424320160081
67
4816326400021
567
320216840001
8
1603264408020
5
2032648040161
7
0163264408200
5
032216480001
6
6416004320821
236
320000420160
1237
1600643240280
16
0328642160041
0
324001620000
2367
0016643228040
017
6416802320041
367
3208264160041
17
8032640216040
7
6402328160040
167
6403284160021
167
4640321682000
27
6424032160081
67
6443201608020
357
0032640416280
01
6401602048320
3
4320641682000
827
6408403220160
147
0642328160040
6
4642320168000
87
4320641680020
6
0321664048200
4
6408003242160
3
0232640416080
07
0832644001621
0
6400164820321
2
6416084320021
267
3264216840001
8
8321664020040
467
1683264042000
4
324201600000
3567
3281664240000
867
6416843200020
6
8163264020040
467
2816643204001
857
8032640024160
14
6424016320080
367
4216643280000
87
6403220041681
145
6424160320080
67
8416326420001
867
6400023241681
2
8163264024000
847
3201626440081
67
0032640816420
01
6408403221601
814
0032644820160
017
2416648320000
67
6400483202160
6
1603264042080
4
6483220164001
7
6404160320280
1
0644320160820
0
8324641602000
85
2032644080160
17
1643264280001
7
400320160200
12
0321664428001
87
3201664402080
5
3264841600200
56
6442832160001
867
8416326400201
856
6403280016240
15
6420320164080
27
3201664820040
67
160032240000
82
6424003216801
834
6404832160020
1
6441603208020
357
0832642401601
086
6481632200041
57
1632864020400
846
6404003216280
13
3264084160201
826
2432640800160
467
4160642328001
8
0232648416000
087
1664043280200
26
8321664200400
856
2432641680000
87
6441623200800
5
3284640200160
67
4162643200080
6
8324166402001
857
4320640162801
824
004321602000
01
6483241600200
85
3264841620000
67
0016643248200
081
3248641602000
57
3284166402001
857
6480243200160
67
6443221680000
87
201632080041
4
6424003216081
347
4328641602000
857
3264816200401
85
0163264420801
86
3248641600200
56
3264080420160
27
8163264000421
6
3280166440200
8
6400164802321
1
1648326400201
85
6442032168000
7
2832641600040
57
4032640820160
147
6401683240200
8
1608643224000
17
6480016320421
6
6424160320081
67
6403240162080
47
0832642416001
087
1620643284000
27
320400200160
1367
6403202016841
135
6432040162081
7
4032640821601
814
6432281640001
8
6403248162001
1
321648000021
5
8642163240001
8
3264481602000
57
3264241600080
567
032281640001
8
1664823200400
56
6400023216841
123
0432641680020
07
6423200816040
37
0032648016240
015
0016643248020
017
432201600000
3567
6443208020160
37
0641632480201
806
4816640322001
47
3220641680400
26
021632004000
0857
6441603228000
7
0832640416020
07
6403282001641
156
008163204201
8
0168643200421
6
3264420160801
84
8432640020160
47
8163264240000
867
0160644320821
0
3264800204160
36
8032642416001
817
4168640322001
847
3201646400820
5
6401628324001
7
6423241600080
57
1603264020840
4
6428401600320
67
3216064420080
6
6480322160041
267
320160204000
87
6480421600320
6
3264284160001
6
6423208016040
357
6443200162080
347
6480043201621
236
4328641620000
67
0324640160281
06
6483216004021
7
6400083242160
3
0642163280400
086
6400023216481
1
1602643284000
17
6403241620800
81
6483216200041
567
6443201680200
83
6442003281601
834
6432482160001
6
0328640402161
06
6480403202160
6
2816326400041
567
1664043282000
27
320200400160
1367
0016643240820
01
3201646408020
5
0232648040160
0
4321664082001
847
6408023216041
137
6432421600080
567
1640643220080
267
6402321684000
817
3264801620400
36
416832200001
8
4232641680000
867
0163264240080
67
6423201640080
37
164023200000
2567
3201664204080
57
4168326420001
867
4832640160200
6
160403202000
1357
8432640216000
87
032216840001
8
6400841602321
1
3200648402160
126
8432640162000
47
0232641680400
80
3264428000160
567
6483241600020
57
3264480200160
67
6424801600321
467
6482043201601
6
0232640081641
45
0648320162041
7
2328641640000
86
6404163202080
1
6443201628000
837
6440032160820
2
6403282016041
157
1664832020400
4
0816642324000
0
322016480001
7
0162644320801
6
6483224160000
67
6481620324001
4
6480403220161
47
1632046420081
67
2432640168000
47
6421603248000
3
168432020001
8
4032640216800
81
1684642320001
6
1664403282000
3
3264240160081
46
6432241600080
6
6440083201621
36
0032641648200
081
1683264020040
467
6401632082041
7
320400162081
4
6403221608040
5
6400843201621
126
6480032162041
7
2416643200080
57
0416643228000
087
3204641682000
17
6440016320280
2
6424001608321
346
6443200216080
37
6423200081641
345
4032648016200
815
0641632082041
7
6440201680320
47
6424032168000
8
6442163280000
867
6403208042160
3
0416326400281
056
6416043280020
6
0032641640820
01
6440320168020
2
3282064164001
837
6440832162000
2
320160020400
86
8032642004161
1
6483241620000
87
1603264028040
47
6481620040320
47
6420483200160
6
3281664240001
867
3264420160081
47
6428016320040
67
6481643200020
57
6401643202081
157
3264082160401
826
6481604322000
37
0321664240801
86
6403241602081
157
8016643240200
81
8164643220001
8
6440283200160
67
4160643282001
82
6403216408021
157
6400416322801
812
1684326402001
857
6421643280000
87
2032641684001
817
8164326420001
8
1603264420081
67
320800162041
7
6432240168001
8
0324642800161
6
0648163204021
7
6481603240200
83
160003240200
1236
1632064420081
67
3264416080200
8
8032640416020
17
6423216400081
7
8016643220400
81
1632486402001
857
6441603200820
35
6416283200041
5
2032640416080
17
6416840322001
847
6401643282001
817
416003220000
36
6408032160241
6
6480432162001
827
0642320160840
06
6481640320200
6
6424016320081
67
0016644322080
0
3248064160201
836
0163264284000
87
6480423200160
6
320284160001
6
2320640840161
247
320160802041
7
481632200001
8
6423216480001
7
3216064042080
4
3281646420001
867
6423280004161
4
8321664020400
846
3280166440021
2
1632826400400
856
080320162041
7
6442160320081
67
160432000200
845
6481603220400
8
1632026484000
87
6423248000160
6
0321664204800
85
6416080320421
6
6481643220000
87
0432640816020
07
6441620080320
47
160283200041
5
321600400020
356
0016326482041
7
1683264240000
867
324021600000
2567
320421600000
15678
1632006484201
8
416203200000
36
2321664084001
847
801632020401
6
2032644800160
167
1640326480201
2
0163264248001
87
6423200841601
3
6442321680001
86
4163264280001
8
4016643220080
17
324200000160
3567
3264401602080
57
1664032280401
2
6416082320041
267
3216846420001
867
6416008320421
6
3264801640200
36
6403202816041
137
6440320162080
2
0163264428000
87
4016326408021
157
6408421600320
6
8640322160401
826
321602400081
5
2432648160000
67
6416003282401
8
0321664080241
6
3280640420160
27
6432004160821
236
6481603220040
37
6483204201601
3
3201646420080
67
6483240016200
85
6403240021681
145
6400832160241
6
6442320160081
7
3280464160021
6
0032644162800
01
6483240162000
47
2432640016080
57
6400023284161
1
6420032160840
26
320162000040
67
6400023281641
123
1628640320040
7
4162643280000
6
3242641600080
567
0432648001621
06
6443220016080
57
4640163280200
2
0328640160241
6
0163264048020
4
8324641600200
85
6432401682000
83
3201646428000
8
6403202164800
3
6441600820320
34
4642328160000
867
6440832160020
2
6480003224160
34
6420168320040
267
6408032164021
7
3264200804160
36
6401682320041
167
6416032480021
267
6442032160080
67
3264248160001
867
320248160001
867
2644320160081
67
041632028001
80
6401643200820
15
6441683200020
57
6443216280001
7
6432216480001
6
0232640041681
45
6442801600321
67
1642326480000
7
6441600322080
347
0432641628000
087
4032648020161
17
2032641648000
817
6483202160041
367
0162643284000
0
008320162041
7
6401648322000
17
6483242160000
6
4816643220001
8
6432481600200
85
3240064160281
3
6403220840161
147
6420328160040
27
816403220001
8
1643264200081
7
6401604322080
137
160032420000
1267
232016840001
867
3264800024160
35
6443216008021
47
0644328160020
0
6423216840001
867
6432248160001
867
162432000000
85
8432641600020
57
6400832162041
7
8163264040200
4
6401620048320
14
0648163204201
8
3281606424000
37
6442160800321
467
6428032164000
7
1632806420400
836
6416840020321
457
0232640804161
4
0644321682000
0
6423204160081
7
6408023216401
1
6403200816240
13
8032640416200
81
2432640816000
87
321600082401
8
6401632480021
167
416832020001
867
1632064280400
86
2320641680040
26
3264800162041
7
6443208201601
36
6424032160800
86
6440032162080
2
6401683204021
7
0322644160801
6
080163240021
2
322084160001
7
6442003280161
347
322048160001
867
6432284160001
6
4016643280020
17
6416204320801
6
6403224160080
167
0432640081621
04
6421640008320
6
320028160041
127
841632020001
867
6416043220080
6
8321664400200
85
1664032480200
826
6483200016240
35
3201664082041
7
0432648016020
05
6401623248000
8
232016480001
8
4322641680000
67
6401603228040
137
6404816320020
17
6416032082401
8
3280642400161
267
3240166480020
7
6400203216481
12
2832640041601
845
6401620840320
7
1603264048200
4
6483202040160
3
3201606482041
7
0432642801601
80
0816643220040
07
3216846402000
5
3220864160041
67
6416002804321
2
201632840001
817
2320641684000
827
6432041620080
6
4832640021601
845
322016040000
82
3201686420040
67
160023240000
1267
320160040200
346
4328640020161
457
4032648160200
6
6480032160241
6
6442003216081
347
1664003240280
6
6423280016040
57
016243200000
06
841632200001
7
0832642160041
0
4320640820161
247
0032641628400
810
320160040020
34
4642163280001
867
6482403216001
47
6403221680400
1
1664243280000
6
6401632802041
7
4640321680200
26
321604000020
45
3201646420081
67
6403282004161
1
6401603248020
137
6442163200080
67
6432400160281
36
2016326440081
17
2320644160801
8
0432648201601
06
3208166404021
7
4168642320001
8
4032640802160
16
3281664040200
4
6424168320000
7
6416048322001
827
6400481620321
17
0163264420080
67
6423240016080
57
216832000401
845
0642328160400
086
6432800160241
6
1682640320040
6
6421600048320
35
8642320160040
67
3264482160001
6
320162040801
4
6408432162001
817
281632000041
4
4328641602001
85
6416208320401
36
6443220080160
47
1664032840200
82
6420160324080
27
6441602080321
7
3240640820160
27
3281626404000
857
6401640322080
147
6401648320200
6
6401632042081
147
6480241600320
67
0032641648020
017
1603264028400
8
6443208001621
36
1664083240200
26
001632082041
7
0832644162000
07
6400423208160
6
6443281620000
87
6443200816020
37
2016640324080
47
2164643280000
86
6400283204160
16
6440160322080
2
1603264802041
7
320160804021
7
1623264080040
67
1664483200200
56
0032648240160
01
2032648164001
7
6480032160421
6
401632200801
8
3228166400400
85
8162643200041
5
0642320160480
6
6421648320000
6
6400403228161
4
3201626484000
8
6403248016200
1
6423216408001
7
4640321680020
2
6483241602001
857
3216864200400
856
2432640016800
8
4232641608000
857
8163264204000
857
6403241628000
817
6400162804321
1
2032640840161
147
2648163200400
86
1664843200200
56
6401620324080
147
6441602320081
7
320160020040
67
6432216840001
8
8321664420000
867
6423201608040
357
3264208400160
367
6482163240001
8
4016643280200
81
6416280320401
46
008321602401
8
6421603200480
3
0164642320801
6
6428016320400
8
2416640320080
467
6443200821601
83
3216864024000
847
0232648016040
7
2032648164000
17
6480416322001
827
016832002401
8
0321664028040
47
4320641680200
26
6481602324000
3
0163264042080
4
6404203216080
17
0163264824000
87
320164000020
45
6416243200080
6
6421632004080
7
8416642320001
7
320482160001
6
3216806424000
8
6428160320040
67
4642163280000
867
6443221600080
7
4642321680001
867
8641632024000
87
320420000160
15
320204160081
6
3264201684000
37
1603264428001
87
3281664204000
857
6481624320000
867
6402321680400
1
201632004000
8157
320164000200
45
1684326420001
8
6443220168000
7
1664803240200
36
0163264040280
4
3248640200160
6
6408320420161
147
2832641640000
7
1642643280000
67
2032640841601
814
1623264008040
7
320160084021
7
0832640016240
05
6400843216021
127
3241606480201
836
6441680020320
47
3281606404021
7
0320166484201
8
1603264824000
87
2832641604001
857
8032641640200
81
6423248016000
857
6440016328200
2
2644328160000
867
320401600200
13568
6423208164000
3
320016040200
812
4322640800160
67
320241600000
1567
3264416800200
85
3282640400160
67
2032641640800
8
4160640322801
824
4032640162080
4
6442016328001
87
3228064160401
836
6416243280000
6
6441680322000
47
6482320160400
86
6420328164000
8
3201664084021
7
1603264082041
7
3220641640080
2
3201606428040
37
4160643220080
6
2432648016000
87
6443208162000
37
6402843201601
6
6403204281601
3
6441680002321
4
6403221640800
81
3240640162081
7
6403201620840
1
6428403200160
6
2032640164800
14
6440803216021
47
3281664402000
5
6423200041681
345
2832640164001
4
6408322160041
167
6403228040160
1
3240641682000
27
0232640048161
4
6428003201640
34
6403200824160
134
322160004000
87
3208464160021
7
8320640402161
6
6401623240800
81
328400162001
4
1664003242080
7
6420321680400
826
6403242001681
5
0324641680200
80
4642321600081
67
0816643220400
08
1648642320001
7
8232641640000
87
6404321602080
1
0016326442081
17
321602000040
67
6420320168040
27
6408162004321
1
4832641602001
857
0648163200421
6
3248640162001
4
0432641620801
0
6416483200021
5
6443201620080
37
6420832164000
7
3280264160041
27
0640163280421
6
0832640216040
07
6483240016020
7
6440321680020
2
1664832400200
856
4320166480021
267
416003200020
356
6442032160800
8
6443216082001
87
2032640840160
147
8162643240001
8
0416326408201
085
4832642000160
6
6424832160000
7
0321664020840
4
6400168420321
12
324000820161
7
1640326420080
7
6400203248161
14
3200464160821
2
6432402160081
6
6423201600480
35
3221606480401
86
6481623204001
857
6401640320280
6
2641632004800
85
3216846400020
5
3264408200160
367
6440328162000
2
6400328162041
7
8032641640020
17
0641632042801
84
6416823204000
85
320000402160
1236
6404832160021
6
4640163282000
2
6443282160001
7
3248166420000
7
0832640042160
0
004163200200
01
6432402800161
6
6403216042801
8
0832642001641
0
2648320400161
47
6443280201601
46
3248640020160
57
1640326480200
82
432216000000
47
0640328420160
07
3220464160081
67
322000400160
2367
6402803201640
4
2641632840000
67
3201686420400
86
0642328400160
7
0321664420800
806
4160643280020
6
4032640816200
1
3208064160421
6
4328640162001
847
6443200021681
35
6408203216040
4
6404816322000
1
3280064162041
7
6483240020161
4
016043220000
06
6443280021601
85
2016326440801
81
6432082160041
267
3201686404021
7
3280642160040
6
6432800402161
36
401632020000
4
6483201620040
37
0832641640020
07
3201664480020
17
6480032162401
8
6442321600080
67
6428321600400
86
320208160041
6
8321664240001
867
324000200160
2367
4641632208001
8
3264041620080
267
0163264040820
4
6404032160820
1
6408401620321
1
4832640002160
56
040320162000
02
320160428001
3
3281606440020
3
3201626480400
86
6400816320421
6
6443200081621
34
001632420000
0817
0232640801641
46
6416803200421
6
0321664240800
86
3216064082401
8
3281606420040
367
6420803216040
4
8163264002401
8
3202641680400
16
0432640820160
047
6441620320080
467
6481603204021
7
6404023216080
3
4016640322800
4
2016326440800
6
8321664240000
867
6481623200040
57
8641632204000
5
4032641628000
817
6480203216040
4
0432640821601
08
6480160324021
7
8641632040200
6
4160643282000
82
2432641608000
857
0168643224000
0
4162643280001
8
240163280001
2
6432201684000
3
6401604820320
3
2032641608040
157
6403216082401
8
8416643220001
8
6424160800321
467
6408423200160
6
6403241608020
157
1603264482000
17
2416643208000
857
6483220004160
46
6423208001641
6
163200084201
8
1683264200040
567
3216064480020
6
6483240160200
6
6483200416020
3
2032640816400
81
320042168001
2
320016284001
2
0162648320401
06
3204864162001
817
0641632280401
806
6428163204000
87
4816326420001
867
1632826404000
857
6440160322800
2
2320641640080
6
8032644002161
1
6443216028001
47
4216640320800
6
1640642320081
7
2032641640080
17
6408321602401
8
6443220160080
467
3280166420041
2
8032640016240
15
2832644000160
67
320040160821
126
6480403216021
47
0163264240801
86
2816326440001
87
6441603220800
8
1664203280400
36
6404203216800
81
2641632040081
47
016032482001
2
6442160320080
67
3281664200040
567
0322640804161
46
2163264804001
857
1624326480000
87
0163264082401
8
168203200041
5
1632064480200
26
324002168001
7
4032641602801
815
320002160040
36
6443202160081
7
1620643280400
26
0032642801641
0
6420160320840
2
2032648416000
817
001632040020
1
4328642000160
7
6428003216040
34
001632042081
147
3264240800160
67
6408203216401
81
6400168402321
12
3201606420840
36
0832640041621
0
0832640216400
08
6443281600020
57
8324640002160
4
1602326480400
1
3201664248000
87
6420832160400
2
6403280024160
14
2168643204001
85
3200864160421
6
0640320824161
4
8032644162000
17
8432640021600
85
4016643228000
817
0032648416020
017
3241606480021
6
0160648320421
6
2032640804160
146
320420160081
147
8164642320001
6
0163264024080
4
016283200041
5
3202864160041
67
3201664804021
7
320004160020
12
3201686424000
87
0032644280161
017
6400401628320
14
320240000160
1567
0432640021681
05
3201664040821
6
8016326424001
8
162083240001
2
6483221600040
7
320016820041
2
0832640162041
7
0816644322000
07
6432802400161
3
0640322804161
026
3220648400160
7
0032642804161
1
164832200001
7
6416402320081
6
3264401682000
7
6400203281641
12
2032640801641
4
6441623200080
7
3280064160421
6
6432480002160
4
6408320162041
7
6443201600280
35
6402328400160
7
6440163280020
2
0032644028160
015
6416248320000
8
0648320420161
47
3281664004021
7
0432640281601
04
4328641600200
56
6401620840321
147
320160082041
7
6421604080321
7
1664032280040
27
0640163284021
7
322080160041
6
008163200421
6
6402320168040
17
1664803242000
37
6423281600040
57
163202400081
5
0324640802161
06
4832640200160
67
6443202801601
83
6481600240320
3
0164643282000
80
4216643200800
85
0163264082041
7
3201664802041
7
4032640028161
14
3264401680200
6
0432648162000
7
6443202001681
35
6442016320801
6
3264820160041
47
3248166400201
85
164023200081
267
6481632024000
87
2640321684000
827
320820160041
147
6443282000161
7
3264216080400
4
3284166400021
5
016083240021
2
0641632840200
06
6408201604320
46
8032642160401
1
8016643242000
17
4832640162000
47
3240864160021
6
6423208041601
35
0232640801640
0
004320160200
016
3264816240000
7
0032640821641
01
320080160421
6
4232640816000
87
6400328420160
17
0032648016420
015
3216864200401
56
3284064162001
837
6432401600280
35
001632842001
817
0321664248001
87
3216846400021
7
2640321680040
267
6482160320040
67
0232648164000
0
6401624320080
167
3242641680000
6
3216064240080
6
3200464168021
17
081632042001
847
016483220001
8
3202648160040
1
6481600402321
4
816432020001
8
3264400162801
4
0641632842000
0
1664403202080
7
3264480160021
67
8432642000161
7
0032648041620
5
6400483201620
2
6441683220000
7
0032642401681
16
8324642000161
6
320200160040
1
6443228016000
857
6403280016420
15
001632204000
5
6401632840020
1
6432841602001
85
6441602328001
7
320160420081
3
6401604028320
13
6441603280020
37
4832641620000
867
400321620000
1267
6400243216080
17
6423201680040
37
6420321684000
827
4648320200160
67
6483240002160
6
1603264042800
4
6483204020160
37
6423240160080
6
6448003220160
34
0232640840160
0
6400403228160
14
2648320164000
8
6416483202000
85
1664832200400
85
0032642416081
017
1664843200020
7
6403240162081
147
2641632840001
7
6424832160001
867
6421603208040
357
042163280001
0
6484023216000
3
1664823200401
6
6480403221601
824
6483202164000
3
320162004000
57
6483216042001
87
6400832162401
8
163284200001
5
6423284160001
7
8322640400160
7
6400843202161
1
6482320400160
7
6403208041620
5
321600042000
34
0832640416200
80
6423200048161
3
6401603240820
13
2432640080160
47
6432482000161
6
3200648162041
7
2416643280000
87
1643264028001
47
6442160328001
87
3216806400421
6
0232641684001
87
2032640164080
147
0816643240020
07
6403220841601
814
3201606448020
3
6432421680000
67
001632040200
06
4328640200160
7
3264000824160
23
6404160320820
1
432016280001
8
3264402160801
6
3201686402041
7
0832640021641
05
1632064084201
8
6480232164001
827
6440016328020
2
6408403216020
1
1683264402000
7
322001680401
6
3204264160081
17
4216643208000
857
321684200001
5
0322648160400
0
1603264420800
1
8641632024001
87
2016643248000
817
1628643200400
6
322400000160
6
8321664024000
847
400163280201
826
6401643280200
8
328421600001
5
4016648322000
17
2832640164000
47
0321664480200
80
6481632024001
87
0648320024160
05
6402832160041
17
6403220048161
14
320168004021
7
6443280016020
5
6441603200280
35
4320642800160
7
6482003201640
34
1603264804021
7
3284166400200
8
6443280021600
85
008163204021
7
320240160081
467
3280642164001
2
0163264048200
4
8032640041620
5
816432200001
6
6440821600321
7
3228640040160
7
0322640840161
4
6483200042160
3
320001640200
1236
028163204001
8
3264481600200
856
6403200816420
13
0232641640080
07
320402160801
6
6483220040161
7
0641632042081
47
324020000160
2567
016283240001
8
816203200041
5
6416002840321
2
6408320024160
15
1664043280020
7
8321664040200
4
3264840160021
67
6443216200081
7
3204166400280
15
324021600081
257
6483220016040
57
032016240000
7
4032648162000
17
1603264082401
8
3201664080421
6
0163264080241
6
4016640328200
4
1632206484001
837
6484203216000
87
6416043282000
8
4832641602000
57
6403201640280
3
3201606440820
3
324080160021
267
6484320020161
4
6432041682001
82
4832641600200
856
4232640800160
67
6441632200081
7
1643264008021
47
328016020041
2
320416000200
8
4328640002160
56
324168000021
567
001632024000
0187
0232641680041
7
6420016328040
27
6401600842320
3
6421640320080
6
2320648160401
86
6421683200040
57
3202464160081
67
6443200281601
34
164003200020
35
6420816320040
267
4032640082160
15
6403216804021
7
320160042000
34
3281646402000
5
0163264028040
4
001632240000
06
4832642001601
8
6440023281600
3
6402160320840
16
2032640416800
81
3201664204800
85
6420832160041
26
8432642001601
85
4648322000160
5
8432640001621
46
0416643200821
5
3201664402800
5
3201606484021
7
4642321680000
867
6483204162000
37
3264816400020
7
324168200001
7
6416483220001
8
8324640160200
4
3281664040020
4
6402016328040
17
6440162800321
7
328021640001
2
6403216042081
17
324816200001
7
3202640804160
16
6402032168040
17
402163280001
1
0432642800161
7
6408163200421
6
0016642324080
0
3240641620080
2
1603264240800
86
6432480160201
86
3216064080421
6
004163202000
01
2640328164000
8
0322640168040
0
1603264048020
4
2032644008160
16
4640163282001
7
1632826400040
57
324160082001
47
1602643280400
16
6400483220161
7
4320640802160
26
3281606402041
7
6420016324080
237
6400320824161
4
6432240160081
6
2640328400161
27
4232640016800
85
6401643220080
17
1683264002041
7
1664023284000
27
0232648041600
0
3204641600280
5
0216644328001
7
6432841620000
6
328420160001
847
8432642160001
7
3220648160041
67
6421600324080
37
1648326420001
87
6483220040160
47
6440023201680
3
6401684320020
17
0163264428001
87
6402163284000
8
6408243200160
16
6443280020160
47
3204264160800
6
8640322400160
6
6420032160480
26
6402832160400
1
4032642008160
6
8432640021601
8
6483200041620
5
016032842001
82
6408401620320
4
0641632842001
87
040163280021
267
322040168001
47
6420032168040
2
0232640416800
80
1664232080400
4
320160080421
6
6402160328040
17
3284064160021
7
3264201680400
36
6483201640200
8
328002164001
2
320168000421
6
6423281600400
85
3201626448000
7
6400843201620
2
2016643280400
81
8016644322000
17
3224166400080
57
1603264284000
87
328016240001
27
322004160081
7
3216064084021
7
2832640040161
47
4016643282001
817
8216643200400
8
6480163240021
2
6432821600040
56
802163240001
8
322160000040
36
3264816200400
85
3240640168021
7
1664423200080
7
3284166420001
8
3284264160001
87
6401680042320
1
2416326400080
6
2640163284001
27
1632846402000
5
6400803216421
14
4642320168001
87
0232640841601
84
6480243216000
87
2641632040800
6
3264840002160
5
162032040000
82
6401684020320
17
0321664280400
86
6421684320001
7
0321664040820
4
2032640804161
46
8160643242000
82
6482032160040
67
2640328160400
826
3281626400041
57
1632064240080
6
6432800024160
5
0032640416820
01
328416020001
8
2324641680000
867
3264801642000
37
320800024161
1
320016084021
7
328416000021
5
0642321680400
806
3280641642000
27
3201646402800
5
0640163282401
8
8432641602000
85
6481620324000
47
016032082401
8
3248642160001
7
2320640804161
46
0322648400160
07
6420160328040
27
0163264084201
8
8642320160400
86
6403202804161
1
6484003216020
37
6408163204201
8
6443200162800
4
324162000081
4
8232640016040
7
6480401620320
4
6408003224160
134
6442168320000
867
6423240016800
85
4016643220800
81
324800162001
47
216432000000
6
1664832420000
67
6400483216020
17
6481632204001
87
3264028160041
27
6401603284021
7
0032642841600
01
6432842160000
7
6440032168020
2
0232640841600
0
0032648241600
01
6402483216001
17
6403204168021
137
6483201640020
37
1682643200041
5
6441623208000
5
0232641640800
08
6428320040160
45
162003240000
2367
320164000821
56
4640328162000
2
0216326480401
086
8163264400200
5
6416284320001
6
6403200842160
3
6423240008160
6
6403280041620
5
322001640000
2367
320164002000
45
0416640322080
47
1664803220400
36
168003242001
3
6484016320020
37
0032640428161
01
481632020001
867
6440321680200
2
6440816322000
82
6401604322800
13
1642648320000
8
0832641624001
0
6421604328001
7
2032648041600
15
0016642324800
0
163202000040
2567
6400821604321
1
4232648160000
6
2416640328000
47
3201646402080
5
4032642801601
8
3281606400421
6
6423200164080
3
6440320162800
2
1632846400200
5
2032641680400
81
0832640041620
5
0032644081621
0
0640163284201
8
0832644020160
057
3220641684001
7
4032640208160
6
322040160081
467
0640321682401
8
8163264420000
867
6432200804160
3
241632080001
4
6483200216040
37
324000162081
7
0832641640200
80
6400203216841
2
0232640481601
4
6443281602000
85
4648321602000
57
3200864164021
7
0232640840161
47
6403240016820
15
6408023204161
1
6403200428161
13
6403204082161
1
1603264204800
85
2640320164800
8
6483200241601
3
6482032164000
7
6403216280041
167
201632080401
14
8160640320421
6
1683264204000
857
6432801642000
3
6481640020320
4
0832642040160
0
1600326440280
12
324016280001
7
3208064164021
7
3201626400840
56
3200641642080
127
321600084021
7
6402843216001
17
216032080401
824
1632864200400
856
4016643208020
57
6443202800161
7
4032640028160
145
2648320160400
86
3281664024000
847
163204200081
5
0432640820161
07
6403202840160
13
0816643204021
7
6401602324080
3
1632806440200
3
0416643280200
80
201632040000
167
6423280016041
5
322000160040
36
1603264084021
7
4032641682000
17
3264280400160
67
163200040200
34
0032642401680
1
3201664042081
4
6404216320800
1
6401632420080
7
2032640841600
1
6421643208000
57
6423208416000
7
2163264804000
5
0032642481600
1
6416802320040
3
1642640328000
87
6443200021680
5
1664832200040
57
320082160401
1
3264420160800
6
240321680001
2
1664843220000
7
0640328402160
06
328040160021
267
6432204160801
6
0832640241601
0
0160643280421
6
6401682004321
1
3264816200040
7
0163264204080
5
4016326400821
156
6441683200200
8
0216326440800
06
4642320160801
8
1608326420400
1
6400203284161
1
0322166484001
087
0641632024800
80
6400483221600
8
320040160200
12
6403216428001
17
324820160001
4
3201664042800
4
1603264024800
84
6482016320040
67
6428003240160
34
162032480001
7
416032020000
4
1643264002081
7
0016643284021
7
6443220800160
467
2160326480401
8
6404016320820
13
163204000020
457
8432640001620
5
3202640168040
1
6400483221601
812
0642321684000
807
6442016320081
67
6483200041621
3
1683264040200
4
320400160821
136
1643264082001
87
0232641648001
87
0432640821600
8
3201664024800
8
021632040000
06
241632000000
567
6416820320401
86
082163240001
8
160483200201
5
6432840162001
84
6440803201621
46
0016326442800
0
6400843216020
17
3208641620400
6
2432640081600
8
0832640241600
0
328162000041
457
0032642840160
01
0032644082161
1
324016020000
47
328160204001
357
420163280001
2
321600040200
34
1640643280200
26
041632200081
7
1632026480400
86
6480401620321
7
6448201600320
6
6403242160080
6
1680326440200
82
1640326480020
7
328016040021
2
6403241608200
15
6440816320020
2
1628326400400
5
0324642160081
6
281632040001
847
3201664040820
4
6440003228160
4
0032644821600
8
3281646400020
5
6483202401601
3
2832640016400
8
400320162000
12
1664403280200
36
6483200021641
35
4032642800160
6
0416643280020
07
3201606442800
3
4162640328000
8
0648322160401
086
6483216240001
87
216032840001
2
6401600248320
3
2160643240080
26
16020000000
137
3241606482001
7
3264842160001
7
3216046420081
67
1680643240200
26
324802160001
7
320164200801
5
6481620040321
4
6483220164000
47
164203200081
357
6432080160241
6
0640328420161
27
1664032280400
82
3264040162800
2
8320641642000
82
0648321602401
8
2641632048000
7
6401643208200
8
6402803216401
14
4648321620000
67
3264821640000
6
4641632200801
8
321684000021
7
6443216002081
57
3281664042000
4
320016042000
12
6416802320401
86
6402032164080
17
3201606448200
3
6416402800321
6
3201686440021
6
6403208216040
3
216032480001
8
2648320004161
4
6441620320081
67
6480023241601
2
0642163280401
80
3202166480400
1
6401620048321
14
3264008162041
7
164283200001
5
6404803216200
81
0432641682000
8
3216806402401
8
0162326484001
087
6483216024001
47
016032420000
06
6416480020321
4
3264820004160
56
6428163200040
67
320162000400
86
6402816320400
816
3281606440200
6
0320642804160
02
3204064162801
13
8032642401600
1
320040162000
12
0321664024080
7
041632082001
7
6481643200021
5
6416823200040
5
1628643240000
67
6432042160080
7
8641632420000
87
0232641600840
0
400163282001
817
6424032168001
7
6403220804160
4
8032642040160
1
3240166480201
2
321600080421
6
1683264024000
847
1664432000280
4
324001600020
36
432816000201
856
201632040081
147
0232640408161
4
6480320420160
7
001632042801
814
6416084320020
2
8032640241600
1
3264401600280
36
6442016320080
67
3248641620000
7
322416000000
5
320016280401
1
6443282001601
85
6480003242160
3
3264040160821
26
016483200021
5
3201664048020
4
2016326480401
1
800163242001
817
0232644081601
5
8032640016421
1
401632000200
45
0232640164800
0
008163202401
8
6416023280040
26
041632208001
7
6403216082041
7
3216864020400
4
6432841600020
6
328164200001
5
4032641608200
815
4641632020801
86
0641632042800
0
1683264004021
7
8324640160201
86
6440168322000
2
6443228160000
67
3264802004161
356
6416240320800
8
816203240001
8
320240160000
1
8640320402160
6
3201646480021
6
2032641648001
87
6401632024080
17
0032648024160
01
6432004160280
2
432001620000
2367
6484003216200
83
0032642408161
16
1640643282000
27
6484032162000
7
3201664048200
4
2321664040800
4
2648321600400
86
2320166480401
86
6401643200280
15
6443208216000
837
401632208001
8
6440281600320
6
6441628320000
67
3240064168201
2
6408023201640
3
0816326440200
06
1683264040020
4
1603264024080
47
6403228040161
1
0648324200160
67
164003220081
267
6481604320020
37
6401623208040
157
6481623200041
7
0328640204160
0
6402816320401
16
6448016322000
8
232016080401
86
6404023216081
1
0016644322800
01
4640163280020
27
324160280001
7
328400160021
367
4642163200081
7
0640320824160
0
2432640160080
467
241632000081
47
3264816420000
7
0816326442001
87
6443201628001
37
401632020801
816
3221664084000
87
8642320400160
7
328000162041
7
163224000000
47
6408160420321
14
6443200162081
37
6441603220080
37
328164000021
567
6484016320200
83
3264000842160
23
6440328160020
2
6401643228000
8
2016643248001
17
6423204168001
7
0832642164000
0
081632002041
7
0416643228001
7
3201626408040
57
6400320824160
1
3228641640000
6
041632020081
067
6408162400321
67
6416823204001
8
320042160801
126
8321664402000
5
0216643240800
08
6443280016021
7
6432280160041
6
8641632204001
87
6403216824001
17
001632042000
0
328162040001
4
4168643202001
5
3208641642000
17
6441608322000
37
2016643208040
1
328000420161
7
3264016820041
2
0641632240800
06
3216046420080
67
6400403216821
14
0016326442801
81
3202464160801
6
1620326480400
82
0216326448000
0
6416283240001
8
8644321600200
85
6421600840320
7
6401642320080
6
6403201648200
1
320241600081
567
6400321682401
8
6480043216020
37
2328641604001
85
6432040160820
2
1683264200041
57
6401632040820
1
0642320168040
07
8644320160200
6
6424016320800
836
6441632020081
67
3281664204001
57
6400163284021
7
6421643200080
57
6401648020320
7
0163264400280
5
6403281620400
8
0644163200280
0
6421640320800
6
4032640162800
14
1664843200201
6
3204064168021
1
6401620804320
4
8320640420160
47
3241664208001
7
0032641628040
017
320082164001
2
2160643280040
26
6403204820160
7
4640320820160
27
8321664042000
47
6400801624320
4
6420803240160
4
3264480002160
56
6420320840160
4
0032640824161
01
3280640164021
7
2416326480000
6
324162080001
47
328160240001
3
6432002804160
2
032016084201
8
160032042000
1
041632020000
4
6443201608021
37
080163242001
807
6480163242001
87
328000164021
7
6400243201680
2
041632000020
45
1603264040820
4
0648320204160
4
6401648320020
1
3264080164021
7
2321664048000
47
2416326400800
6
400163220000
17
6423201680400
83
0163264024800
84
0432642001681
05
6482403200160
7
1664403200280
356
6403240016821
1
6402016324800
8
6401628040321
7
1604640320280
4
6443228000160
67
0832641620040
067
328042160001
267
4016643202801
815
320020160040
6
0232644168001
7
6423201640800
83
6403281620040
7
6423204081601
3
3220166480400
2
4160642320801
8
3264421680000
87
6408403202160
6
8320640402160
4
2416643208001
57
0032642164800
0
3264840020160
57
6432420168000
47
0016326448200
0
6482003216040
34
0641632482001
7
4232640080160
7
0322648160401
86
3221606400840
36
3208166420400
1
6440032160280
2
2032640401681
4
6480203216041
2
0648163202401
8
324001682001
27
8640163242001
87
016832020401
86
4832640162001
47
6403228016040
15
8032640016420
15
1664803224000
7
0648322004161
06
001632482001
7
3202648160041
67
0432641600280
05
201632040801
814
4648321600200
56
3216826400400
5
040163282001
087
320080164021
7
0644163280200
0
2320641684001
82
6416048320021
6
0216643280400
08
0432640162080
047
6480203240161
7
6408003216420
3
6416023284001
8
6401640320820
1
0320644802160
26
6441620800320
4
6483240020160
47
3264241680001
67
6403228041601
1
3264016280400
2
1632846400020
5
6403200824161
13
6408163202401
8
0322641680401
86
6421632084000
7
3216064280401
6
0163264204800
85
6400232168040
1
432016020000
47
320400162801
4
6442016328000
8
4232640016080
5
6401602840321
3
6404023216800
3
8163264402000
85
6408001624320
1
2320640840160
2
324160080021
367
6403202841600
1
6481603220401
8
6401603242800
1
3201606424080
37
164032020000
47
6403216240081
17
6404832162000
17
6408322004161
1
328160040021
367
6481632042001
47
6416024328000
82
6404232168000
1
0641632420800
08
321648200001
6
320160240801
3
6482160400320
6
6403240016280
1
032016042000
02
6404021608321
6
3208640024160
15
2324640160800
4
6401620084320
4
6401624320800
816
4032641600820
15
432016080201
826
6420163284001
8
0832640240160
0
0832640024160
04
320420160801
814
080321642001
82
4642320160800
6
0816643240200
80
6420401608320
6
324082160001
7
3240166420080
7
160243200081
157
3264480160200
6
040321682001
827
6441608320020
3
1632006440280
3
3264016284001
2
6443201682000
8
6401602408321
3
4032641620800
816
6400432162801
81
016832200401
86
3216064084201
8
0016643248021
17
432816200001
8
6404003216820
3
320040160020
12
6420083216040
3
1608643220400
16
081632020041
6
6401604320820
13
163284000201
856
6443280001620
5
0016643248201
80
3242166400080
7
6403202408161
3
2641632040801
84
6448203200160
7
081632204001
87
6440083220160
37
2032641640081
7
3221664800040
6
4162640320800
8
6401623284001
1
6483200421601
83
3264021684000
7
6400241608320
16
3221686400401
856
6402803204160
4
0320640842161
0
6403280216040
7
041632002081
47
6480003241620
2
0416326420801
6
4320640820160
2
032241600000
06
6400162840321
2
0432641608021
07
0648163224000
7
0644321680200
80
0232641608040
057
6404203216081
1
3228166400040
57
3201606480421
6
0163264482000
8
2320641680401
86
0832642041600
0
320168002041
7
4320640802161
6
032016284001
2
6448023201600
3
0832644200160
7
3264802160401
836
6401640322800
14
6443280162000
47
2160643284001
2
2640324800161
7
321600084201
8
6440021680321
7
2321664840000
7
3200264160840
6
6432208400160
37
0163264804201
8
0216643248001
08
801632024001
87
3264400160821
36
320480160021
167
4640328160200
2
3201646400280
5
1603264204080
57
3264816400200
85
3201664240800
6
1604326480200
81
3264821600400
56
6403202401681
3
6441600802321
4
2640163280400
826
2641632084000
8
3241664080021
67
6440803220160
47
3208642160401
1
3264408002160
356
3201664240801
86
6440816320021
67
6480023216040
3
6440801620320
4
6408023216040
3
081632024001
87
216032040000
6
6404016322800
1
1683264420000
867
6448162000321
7
6483216002041
7
6480321642001
2
6481632002041
7
0642320804160
4
1642640320080
7
4648320020160
57
0032648041621
0
3216864042000
4
6424160328000
7
6403248020160
7
0432640216080
7
6400803216420
1
0432642160081
7
6420816324000
827
322160040000
36
6403282160401
1
232016040000
2
832416000201
5
280321640001
82
6442321680000
8
0032644280160
17
801632204001
7
0328640024160
5
6403220840160
147
6408160402321
1
6403280216400
8
0641632204800
5
3241664280001
7
2641632800400
56
3264408160200
6
6416420320081
67
0432641620080
07
3264816040200
84
0432648020160
0
328160004021
7
2032640168400
1
0816643242000
7
0641632480200
8
6432400802161
36
4016326420081
167
1602326484001
817
320240160801
846
6416048320020
2
401632002000
45
8016326440200
6
6480023201640
3
6401603248200
1
6424160320800
86
6423200401681
3
4328642000161
6
6404162800321
6
6432480002161
56
8032644021600
85
8324642160001
6
1664283200041
5
4328640020160
57
6481632020041
6
201632000400
156
0162643280401
80
4640320802160
6
6424003216080
37
6432200804161
6
0648322004160
05
6423201600840
35
2016326480400
6
3202644160081
6
0032648241601
0
1603264240801
86
0160326482401
8
6420160324800
2
6403200421681
13
0432640162081
7
2832640160400
4
2640163280401
26
328402160001
6
832016040201
82
0032644281600
8
6420403208160
6
6403281620401
1
324016080021
7
6432240160801
6
6403202164080
3
016032042000
0
3264082164001
2
6416403202080
35
3264080160421
6
6423240160800
6
6423280416000
87
6402160320480
16
6442320168000
8
0641632248000
0
6401640028321
14
6432042168000
7
4320642800161
6
6480403221600
8
0016643242800
1
2168643240000
86
4232641600800
856
6401603248021
17
6482003204160
4
322080164001
87
2328641600040
56
3240264160081
7
6442321600081
7
0322166480401
86
6480032164021
7
3264816020400
4
2648320004160
45
0432641628001
07
3264280160041
7
6480201640321
4
6424003208161
346
6423280041601
5
6432248000160
57
2832640004160
6
041632002000
45
1632206484000
7
6432840020161
5
6400243216800
8
3280640402160
26
0644328160200
06
032216080401
8
3220166480040
27
021632000040
06
0641632048200
0
3216486400021
5
6443281600021
7
3264802160400
3
2816326440000
6
0232648041601
85
6420083201640
3
6432280400160
7
328160002041
7
8640320420160
7
6400043216820
13
6421680040320
7
6423200416800
83
6408032160421
6
0232640480161
4
016432000200
45
6402483201601
6
2324641600080
6
6400241680320
17
3220464168001
87
0816326442000
0
6421603200840
35
0322640804160
0
6483200416200
83
3264028160040
6
6441632082001
7
3201646428001
87
0832640016420
05
3284640160021
67
0324641602080
05
6442320160080
7
2640320168400
82
6483220160400
6
0162643284001
8
6416423200080
6
328160042001
847
2324640168000
4
6400803241620
2
6482403201600
8
4320641682001
2
6416802320400
3
6400083224160
13
1664203284000
37
6404163200280
1
6400281640320
1
2640321680400
826
6402403280160
7
280163240001
267
6428320164000
7
0416643208021
57
6400283240160
1
6440163282000
2
4232640008160
6
3208640042160
1
3201686400421
6
1604643280200
6
1664483202000
7
6416004328020
2
322040160801
846
6440203280160
47
6440003281621
4
032016040200
02
3264820040160
5
6443200820161
37
4016326400820
5
3216026480040
67
4642320800160
7
6400243281600
82
6480416320021
6
0324641600280
0
6420016320480
26
6400083216420
3
6421680324000
7
6440832162001
8
4032642800161
1
0321664400280
05
3201626404080
57
6400081624320
1
6416803220401
86
6408203204160
14
0640322804160
0
6416803224001
8
6416002328040
3
3248064160021
7
6421643200800
8
322040160000
2
2641632080400
6
6404023216801
1
1664043280201
2
6416482000321
6
2168326400401
85
6424016320801
86
6424160320801
86
8321664040201
6
2432648000160
67
6482160320400
8
4162648320000
8
3216026440080
6
3216026480400
6
3264042160801
26
6440163280200
2
328020160041
247
3264040168020
2
2432640160800
46
6401628320400
6
1664023280400
26
6401632042801
8
1604643282000
17
6441620328000
4
1664432080200
84
6441632208001
7
1620326480040
27
3264820160401
4
2032648016400
8
1642640328001
7
3281664040021
6
3264800160421
6
6441603228001
7
1664243200081
7
6432480160200
4
2816643200040
7
3240064160821
6
4216648320000
6
0160643242080
2
6440803221600
2
2640321680401
2
6401603248201
83
040321620000
06
6402016320480
16
6400163280421
6
6440320820160
7
6441602800321
7
6421603248001
83
1628326440000
8
2832640040160
47
2160643280401
26
6416040320820
2
3200166440280
2
6402803216400
4
0644320168020
0
3264248000160
567
6448320020160
5
6480203204160
4
6423241600800
85
320200160400
1
3264002160840
3
3284642160001
6
6483200216400
3
320280160401
86
8163264042001
7
2816640324001
7
0416643220080
07
1603264400820
5
6402163280401
1
1664803224001
7
8162640320401
6
2640320164080
27
6416823200401
86
6483202400161
3
6420016320840
2
0160643282401
8
6400243280160
17
6483200420161
7
6403216280401
1
0642320168400
8
4016648320200
6
2816643240001
7
6440016320821
6
3201664840200
6
6416200328400
8
4328640002161
6
6416802400321
3
6416402320801
6
6443280201600
8
0432640016820
0
3220064160840
36
0321664028400
4
6441623208001
8
3240064162081
7
3281626440000
7
6416002320480
3
1632046420080
7
6440203281600
82
6440216328000
82
3216064280040
7
6424032160801
6
6441620320800
6
0168326402401
8
6480403201621
6
6401620328400
4
6448216320000
8
1632864400020
5
0321664420080
067
6402832160401
81
2032648160400
16
0432640028160
0
6400201648321
4
3202464168001
8
3264800240160
3
1664432800200
85
6481632040200
6
6482003216400
3
6402032160480
1
6416800402321
4
6424163200080
7
6416832020401
6
6443220801600
8
0321664024800
8
6416832200400
5
6416800420321
4
3248640160021
6
3264204160081
6
6481620320400
6
0416648322000
0
3242640800160
7
6416203280401
8
6443220081600
8
6403240028160
4
3201646420801
6
3208640160421
6
6442032168001
8
6432821640000
8
6403216240801
8
2641632000480
5
0328641642000
8
6400216328400
2
3264042168001
7
