#Interval	Step nums	Times	Abs time	Breaks	Pos nums	Pos ratio
200	3163	0.36554956436157227	0.3655824661254883	0	8801	2.781605562579014
400	3339	0.3828308582305908	0.7484149932861328	0	9073	2.7164670658682635
600	3548	0.40802764892578125	1.1564435958862305	0	9399	2.6483516483516483
800	3370	0.3914778232574463	1.5479228496551514	0	8957	2.657075051913379
1000	3485	0.40549707412719727	1.9534225463867188	0	8938	2.563970166379805
1200	3342	0.3886299133300781	2.3420538902282715	0	8643	2.5854023332336227
1400	3571	0.4138524532318115	2.7559075355529785	0	9141	2.559070548712206
1600	3492	0.4066805839538574	3.1625893115997314	0	8899	2.54766676209562
1800	3941	0.4548335075378418	3.617424726486206	0	9334	2.367833587011669
2000	3913	0.45328783988952637	4.070713758468628	0	9231	2.358456821665815
2200	3931	0.4559154510498047	4.526630878448486	0	9563	2.432095625635809
2400	3957	0.4576230049133301	4.984254837036133	0	9202	2.324911571500758
2600	4427	0.5088763236999512	5.493131875991821	0	10009	2.2603884372177054
2800	3957	0.4598872661590576	5.953020095825195	0	9193	2.3226376958059625
3000	4080	0.4737119674682617	6.426733016967773	0	8934	2.189169321244793
3200	4768	0.5463764667510986	6.973110198974609	0	10110	2.1199412874816526
3400	4483	0.5150039196014404	7.488115310668945	0	9603	2.141614629794826
3600	4476	0.5154123306274414	8.003528594970703	0	9546	2.1322314049586777
3800	4731	0.5442318916320801	8.547761917114258	0	10038	2.121301775147929
4000	4787	0.5491883754730225	9.096951484680176	0	10335	2.158521303258145
4200	4504	0.5181012153625488	9.615053653717041	0	9584	2.1274139844617093
4400	4916	0.5656771659851074	10.180732727050781	0	10209	2.0762660158633315
4600	4074	0.4740610122680664	10.654794931411743	0	9014	2.2120245398773006
4800	5170	0.604496955871582	11.2592933177948	0	10716	2.072326435892477
5000	4965	0.578977108001709	11.838271856307983	0	10248	2.063632702376158
5200	4887	0.5719866752624512	12.410260200500488	0	10022	2.050327332242226
5400	4992	0.5815081596374512	12.991769552230835	0	10024	2.0076106549168835
5600	5164	0.5970468521118164	13.588817834854126	0	10477	2.028460793804453
5800	5190	0.5988218784332275	14.187640905380249	0	10346	1.9930649200539394
6000	4894	0.5673909187316895	14.755033254623413	0	10006	2.044126659856997
6200	5204	0.5994386672973633	15.354472875595093	0	10528	2.0226705091258403
6400	5352	0.6175272464752197	15.972001552581787	0	10765	2.0110218569026714
6600	4959	0.5811681747436523	16.553171396255493	0	10258	2.0681451612903228
6800	5368	0.6191856861114502	17.17235803604126	0	10655	1.9845408828459676
7000	4719	0.5493547916412354	17.72171378135681	0	9623	2.038771186440678
7200	5530	0.6369447708129883	18.358659505844116	0	11001	1.988971252937986
7400	5122	0.59861159324646	18.95727229118347	0	10202	1.9914112824516885
7600	5138	0.6082863807678223	19.56555962562561	0	10188	1.9824868651488616
7800	5313	0.6225202083587646	20.18808150291443	0	10804	2.0331200602182915
8000	5593	0.645378828048706	20.83346199989319	0	10913	1.9508401859134787
8200	4731	0.5605416297912598	21.394004821777344	0	9592	2.0270498732037194
8400	5044	0.5956556797027588	21.989662170410156	0	10386	2.0586719524281465
8600	5295	0.6171879768371582	22.60685157775879	0	10589	1.9994335347432024
8800	5283	0.619260311126709	23.22611403465271	0	10275	1.944549583648751
9000	5080	0.5973429679870605	23.823458194732666	0	10165	2.0005904349537493
9200	5010	0.5791592597961426	24.402618885040283	0	10125	2.0205547794851326
9400	5010	0.5773091316223145	24.979928970336914	0	9912	1.9780482937537418
9600	5198	0.6036300659179688	25.5835599899292	0	10186	1.959222927486055
9800	5280	0.6214900016784668	26.20505166053772	0	10463	1.9812535504639273
10000	5516	0.648496150970459	26.853549480438232	0	10648	1.9300344390067066
10200	5650	0.6730883121490479	27.526639699935913	0	10927	1.9336400637055389
10400	5034	0.6064674854278564	28.13310933113098	0	9731	1.9326713008937437
10600	5516	0.6451947689056396	28.7783100605011	0	10974	1.9891245241979336
10800	5501	0.6504652500152588	29.42877697944641	0	10800	1.9629225736095965
11000	4831	0.5665774345397949	29.99535608291626	0	9532	1.9726821192052981
11200	4991	0.5792319774627686	30.574589729309082	0	9800	1.9631410256410255
11400	5376	0.624610424041748	31.19920253753662	0	10338	1.9226334387204762
11600	5626	0.6570746898651123	31.856279134750366	0	10726	1.906166696285765
11800	5056	0.5946962833404541	32.450976848602295	0	9843	1.9464109155625866
12000	5297	0.6246068477630615	33.07558465003967	0	10271	1.9386560966402415
12200	5734	0.7205522060394287	33.796138763427734	0	10932	1.9061900610287708
12400	5209	0.6198995113372803	34.41603994369507	0	10119	1.9422264875239923
12600	5308	0.6207787990570068	35.03681993484497	0	10281	1.9365228856658505
12800	5404	0.628190279006958	35.66501188278198	0	10326	1.9104532839962998
13000	5424	0.6304011344909668	36.29541492462158	0	10437	1.9238709677419354
13200	5676	0.6508057117462158	36.94622206687927	0	10891	1.9184428395279196
13400	5234	0.6142110824584961	37.560434103012085	0	10219	1.9520534861509073
13600	5491	0.6549649238586426	38.2154016494751	0	10616	1.932993445010925
13800	5488	0.6892156600952148	38.904619216918945	0	10675	1.9447986882856623
14000	4818	0.5944843292236328	39.49910521507263	0	9340	1.9381614442830464
14200	5386	0.6416301727294922	40.14073729515076	0	10372	1.9253759049563766
14400	5354	0.6292197704315186	40.76995849609375	0	10297	1.922875816993464
14600	5267	0.6238749027252197	41.39383554458618	0	10270	1.9495064540622626
14800	5259	0.6231725215911865	42.017009973526	0	10038	1.9083650190114068
15000	5199	0.6070144176483154	42.62402582168579	0	9972	1.9176923076923076
15200	5188	0.608267068862915	43.23229503631592	0	10130	1.952206590865292
15400	6372	0.7450335025787354	43.9773313999176	0	11907	1.8683508551702495
15600	5730	0.6642827987670898	44.641615867614746	0	10888	1.899842959343919
15800	5950	0.7038283348083496	45.34544610977173	0	11192	1.8806923206183834
16000	5710	0.6639218330383301	46.00936937332153	0	10793	1.889861670460515
16200	5427	0.6305038928985596	46.63987445831299	0	10565	1.9463890935887989
16400	5370	0.6340184211730957	47.27389407157898	0	10463	1.9480543660398435
16600	5517	0.6422128677368164	47.91610813140869	0	10527	1.9077564334903951
16800	5608	0.6557316780090332	48.57184100151062	0	10509	1.8735960064182564
17000	5187	0.6078922748565674	49.179734230041504	0	10185	1.963184271395528
17200	5468	0.6903061866760254	49.87004232406616	0	10451	1.9109526421649297
17400	5366	0.6445832252502441	50.51462697982788	0	10196	1.8997577790199367
17600	5222	0.6624922752380371	51.17712092399597	0	10080	1.9299253302699597
17800	5558	0.6943378448486328	51.87146043777466	0	10502	1.8891887030041374
18000	5375	0.652766227722168	52.52422881126404	0	10278	1.9118303571428572
18200	5237	0.6531994342803955	53.177430629730225	0	10132	1.9343260786559755
18400	5647	0.71517014503479	53.892603158950806	0	10578	1.8728753541076488
18600	6036	0.7349958419799805	54.627601861953735	0	11400	1.8883551432830876
18800	5380	0.6688508987426758	55.296454429626465	0	10470	1.9457349934956327
19000	6148	0.7377829551696777	56.034239053726196	0	11567	1.881118881118881
19200	5731	0.725653886795044	56.75989484786987	0	10777	1.8801465457083042
19400	5601	0.687882661819458	57.447779417037964	0	10640	1.8993216708318457
19600	5723	0.7039389610290527	58.151721239089966	0	10980	1.9182389937106918
19800	5949	0.785189151763916	58.936912298202515	0	11235	1.888235294117647
20000	5320	0.6524214744567871	59.589335680007935	0	10292	1.934222890434129
20200	5144	0.6247768402099609	60.21411395072937	0	9858	1.9160349854227405
20400	5829	0.701880931854248	60.91599655151367	0	11160	1.914236706689537
20600	5502	0.6651535034179688	61.581151723861694	0	10581	1.9227693985099037
20800	5245	0.6433820724487305	62.22453761100769	0	9957	1.898017537171178
21000	5673	0.728412389755249	62.95295214653015	0	10670	1.8805075784279168
21200	5942	0.7293455600738525	63.68229961395264	0	11373	1.9136799596163554
21400	5519	0.6667768955230713	64.34907841682434	0	10731	1.9440217391304349
21600	5928	0.7140004634857178	65.06308078765869	0	11086	1.8697925451172204
21800	5245	0.6393554210662842	65.70243978500366	0	10228	1.949675943576058
22000	5358	0.6737098693847656	66.37615156173706	0	10270	1.916402313864527
22200	5391	0.6533751487731934	67.02952814102173	0	10148	1.882047477744807
22400	5784	0.6942877769470215	67.72381782531738	0	10784	1.8641313742437338
22600	5806	0.7100214958190918	68.43384146690369	0	11087	1.9092474599621148
22800	5796	0.701744794845581	69.13558840751648	0	11123	1.9187510781438675
23000	5695	0.7527968883514404	69.88838768005371	0	10946	1.9216994382022472
23200	5519	0.6781189441680908	70.56650853157043	0	10619	1.923731884057971
23400	5694	0.6995046138763428	71.26601529121399	0	10875	1.9095697980684812
23600	5584	0.6995408535003662	71.96555829048157	0	10480	1.8764547896150403
23800	5767	0.7289812564849854	72.69454145431519	0	11051	1.9159153952843273
24000	5520	0.6887619495391846	73.38330507278442	0	10534	1.9079876833906901
24200	5834	0.7047393321990967	74.08804655075073	0	10885	1.8654670094258783
24400	5333	0.6536779403686523	74.74172639846802	0	10174	1.9073865766779152
24600	5190	0.6368589401245117	75.37858700752258	0	10027	1.931612406087459
24800	5673	0.6940581798553467	76.07264685630798	0	10900	1.9210433556573845
25000	5550	0.6759517192840576	76.74860000610352	0	10588	1.9074040713384977
25200	6207	0.7706069946289062	77.51920866966248	0	11591	1.8671069587628866
25400	6482	0.7892937660217285	78.30850458145142	0	11959	1.8446706771556378
25600	5572	0.6845524311065674	78.99305868148804	0	10695	1.9190741073030684
25800	5631	0.6803145408630371	79.67337703704834	0	10567	1.8762428977272727
26000	5365	0.661677360534668	80.33505630493164	0	10303	1.92005218039508
26200	5690	0.7141673564910889	81.04922533035278	0	10725	1.8845545598313127
26400	5569	0.7054023742675781	81.754629611969	0	10696	1.9202872531418311
26600	5284	0.6314554214477539	82.38608646392822	0	10240	1.9375591296121097
26800	5498	0.6418819427490234	83.0279700756073	0	10325	1.877614111656665
27000	5679	0.6624736785888672	83.69044518470764	0	10803	1.9019366197183099
27200	5566	0.6712057590484619	84.36165237426758	0	10645	1.9121609484462008
27400	5796	0.7186801433563232	85.08033418655396	0	10980	1.894083146455063
27600	5845	0.701542854309082	85.78187870979309	0	10967	1.8759835785152241
27800	5456	0.6484620571136475	86.43034267425537	0	10412	1.9080080630382994
28000	5639	0.7127270698547363	87.14307141304016	0	10758	1.9074468085106382
28200	5986	0.7089595794677734	87.85203266143799	0	11048	1.84533155169534
28400	5041	0.5915355682373047	88.44356966018677	0	9760	1.935739785799286
28600	4684	0.5604159832000732	89.00398707389832	0	9072	1.936392742796158
28800	5154	0.6170058250427246	89.62099432945251	0	10047	1.9489815712900096
29000	4570	0.5504934787750244	90.17148900032043	0	8994	1.9676219645591775
29200	5326	0.6332299709320068	90.80472040176392	0	10157	1.9067017082785809
29400	5936	0.7258164882659912	91.53053832054138	0	11317	1.9061815731851104
29600	5653	0.7053561210632324	92.23589706420898	0	10727	1.8972408914043155
29800	5677	0.6648037433624268	92.9007043838501	0	10840	1.9091229306093696
30000	5844	0.6813430786132812	93.5820484161377	0	11011	1.8838323353293414
30200	5889	0.6961615085601807	94.27821183204651	0	11231	1.9067911714770798
30400	4992	0.590327262878418	94.86854028701782	0	9587	1.9200881233727218
30600	5980	0.6988046169281006	95.56734609603882	0	11032	1.8445076074235078
30800	5404	0.6367309093475342	96.20407843589783	0	10254	1.8971322849213692
31000	5566	0.7042450904846191	96.90832495689392	0	10435	1.874438656367882
31200	5408	0.6461036205291748	97.55443048477173	0	10464	1.9345535219079313
31400	5202	0.613283634185791	98.16771650314331	0	10127	1.9463770901403037
31600	5681	0.668419361114502	98.83613729476929	0	10699	1.8829637451601549
31800	5470	0.6496713161468506	99.48580980300903	0	10258	1.874977152257357
32000	5501	0.6542973518371582	100.14010882377625	0	10575	1.9220283533260631
32200	5526	0.6631739139556885	100.80328440666199	0	10511	1.9017550208069478
32400	5688	0.6820352077484131	101.48532176017761	0	10634	1.869221304271401
32600	5186	0.6173701286315918	102.10269355773926	0	9883	1.9053402737613263
32800	5245	0.6264832019805908	102.72917771339417	0	10143	1.9334731223789554
33000	5512	0.6568498611450195	103.38602876663208	0	10463	1.8978777435153273
33200	5809	0.6894397735595703	104.07546949386597	0	10898	1.8757314974182444
33400	5217	0.6210119724273682	104.69648289680481	0	9968	1.9103104637792259
33600	5584	0.6640710830688477	105.36055564880371	0	10829	1.9389435989256938
33800	4929	0.5926854610443115	105.9532425403595	0	9569	1.940973630831643
34000	5816	0.6904339790344238	106.6436779499054	0	10825	1.8609248753653085
34200	5586	0.6838102340698242	107.32748937606812	0	10659	1.907821729013782
34400	5641	0.7063536643981934	108.0338454246521	0	10675	1.8920595533498759
34600	5585	0.6611902713775635	108.69503903388977	0	10612	1.899749373433584
34800	5247	0.6193337440490723	109.31437420845032	0	10154	1.9348323170731707
35000	5185	0.6130421161651611	109.92741799354553	0	10093	1.9462013112225223
35200	5177	0.6127660274505615	110.54018568992615	0	10056	1.9420625724217844
35400	5524	0.656400203704834	111.1965880393982	0	10496	1.8997285067873304
35600	5900	0.7422733306884766	111.9388632774353	0	11105	1.8818844263684122
35800	5879	0.6976566314697266	112.63652157783508	0	11287	1.9195578231292516
36000	5522	0.6908955574035645	113.32741832733154	0	10611	1.9212384573601304
36200	5595	0.686514139175415	114.01393413543701	0	10423	1.862580414581844
36400	5548	0.6445217132568359	114.65845727920532	0	10564	1.9037664444043971
36600	5380	0.6410253047943115	115.29948425292969	0	10372	1.927522765285263
36800	5276	0.6255061626434326	115.92499279975891	0	10060	1.9063862042827364
37000	5473	0.64841628074646	116.57341027259827	0	10451	1.9092071611253196
37200	5667	0.6767182350158691	117.25013017654419	0	10773	1.9006704304869442
37400	5266	0.6196625232696533	117.86979413032532	0	9967	1.8923485855325612
37600	5449	0.680612325668335	118.55040884017944	0	10275	1.885321100917431
37800	5927	0.7095787525177002	119.2599892616272	0	11183	1.8864709851551957
38000	5658	0.677192211151123	119.9371829032898	0	10758	1.9010425870295105
38200	5642	0.6989073753356934	120.6360924243927	0	10457	1.8530923267765373
38400	5370	0.667769193649292	121.30386352539062	0	10279	1.9137963135356544
38600	5525	0.649726390838623	121.95359182357788	0	10617	1.9212812160694897
38800	5081	0.5998868942260742	122.55347990989685	0	9711	1.91086186540732
39000	5444	0.6915140151977539	123.24499583244324	0	10384	1.9070707070707071
39200	5191	0.6200973987579346	123.86509490013123	0	9990	1.9241140215716488
39400	5527	0.6649935245513916	124.53009057044983	0	10501	1.8996020260492041
39600	5621	0.6960330009460449	125.22612571716309	0	10664	1.896833866951263
39800	5870	0.7018547058105469	125.92798209190369	0	11017	1.8765116675183104
40000	5469	0.6410841941833496	126.56906843185425	0	10279	1.8791590493601462
40200	6289	0.7546103000640869	127.32368278503418	0	11813	1.878060413354531
40400	5349	0.664212703704834	127.98789715766907	0	10173	1.9014953271028037
40600	5656	0.6783885955810547	128.6662881374359	0	10664	1.8850981085380945
40800	5678	0.6740789413452148	129.34036874771118	0	10745	1.8920584609966544
41000	4857	0.5832095146179199	129.923579454422	0	9487	1.9528612597776862
41200	4979	0.5943734645843506	130.5179545879364	0	9668	1.9413654618473895
41400	5803	0.6981766223907471	131.2161328792572	0	11034	1.9011026878015163
41600	5922	0.7082931995391846	131.92442798614502	0	11190	1.8892453148742192
41800	5636	0.6978988647460938	132.62232851982117	0	10708	1.89959198155047
42000	6036	0.7381725311279297	133.36050295829773	0	11135	1.8444591684611562
42200	4984	0.5930478572845459	133.95355248451233	0	9453	1.8962888665997994
42400	6065	0.7213199138641357	134.6748743057251	0	11251	1.8547642598087701
42600	5714	0.6757349967956543	135.35061144828796	0	10654	1.8642169728783902
42800	5639	0.662179708480835	136.01279258728027	0	10930	1.9379432624113475
43000	5606	0.6540980339050293	136.66689157485962	0	10502	1.873015873015873
43200	5451	0.6421487331390381	137.30904293060303	0	10467	1.91984592809978
43400	4995	0.5897097587585449	137.89875388145447	0	9548	1.911128903122498
43600	5316	0.6228761672973633	138.5216314792633	0	10254	1.9285311265751364
43800	5497	0.6448938846588135	139.16652655601501	0	10494	1.9086940705711168
44000	5502	0.6482458114624023	139.8147735595703	0	10390	1.8880610576049428
44200	5383	0.6327652931213379	140.44754004478455	0	10295	1.912147102526003
44400	5881	0.6842505931854248	141.13179230690002	0	10960	1.8633117987079224
44600	5970	0.694127082824707	141.8259208202362	0	11098	1.8586501423547144
44800	5921	0.686164140701294	142.5120861530304	0	11204	1.8919284025667005
45000	5409	0.6305224895477295	143.1426100730896	0	10329	1.9092421441774492
45200	5808	0.6759517192840576	143.81856274604797	0	10802	1.8595283181270443
45400	5411	0.63620924949646	144.4547734260559	0	10238	1.891722099039172
45600	5696	0.6641993522644043	145.11897444725037	0	10866	1.9073196419167984
45800	5530	0.6448142528533936	145.76378965377808	0	10465	1.892062918097993
46000	5544	0.6416618824005127	146.40545225143433	0	10536	1.9000901713255185
46200	5273	0.6190185546875	147.02447199821472	0	10077	1.910693970420933
46400	5398	0.6261610984802246	147.65063500404358	0	10237	1.8960918688646045
46600	5203	0.607654333114624	148.25829195976257	0	10093	1.9394696387394312
46800	5416	0.6365048885345459	148.89479851722717	0	10323	1.9056673435480893
47000	5878	0.6960515975952148	149.59085154533386	0	10960	1.8642626296989284
47200	6010	0.7365376949310303	150.32739090919495	0	11254	1.8722342372317418
47400	5924	0.7244749069213867	151.0518674850464	0	11035	1.8624472573839663
47600	5646	0.689319372177124	151.74118852615356	0	10472	1.8544359837081636
47800	5323	0.6314494609832764	152.37263941764832	0	10169	1.910030052592036
48000	5530	0.6684799194335938	153.04112124443054	0	10446	1.888627734586874
48200	5516	0.6583549976348877	153.69947814941406	0	10636	1.9278593438462932
48400	5448	0.6429474353790283	154.342426776886	0	10364	1.9020003670398238
48600	5994	0.6982421875	155.04067063331604	0	11135	1.8573811509591327
48800	6347	0.7370896339416504	155.77776169776917	0	11889	1.8728733459357279
49000	5230	0.6404972076416016	156.41826057434082	0	10005	1.9126362072261518
49200	5713	0.695892333984375	157.1141538619995	0	10805	1.8909695484774238
49400	5894	0.6992068290710449	157.8133623600006	0	10840	1.8388464800678541
49600	6249	0.7556931972503662	158.56905722618103	0	11680	1.8688
49800	5535	0.6721792221069336	159.24123811721802	0	10465	1.8903540462427746
50000	5366	0.6483290195465088	159.88956928253174	0	10167	1.8943543879262157
50200	5918	0.712446928024292	160.60201835632324	0	11172	1.8874809934110492
50400	5057	0.6234846115112305	161.22550535202026	0	9796	1.936733886911823
50600	5422	0.658034086227417	161.8835415840149	0	10350	1.9085377097547482
50800	5806	0.7006542682647705	162.5841977596283	0	10895	1.8761839159634923
51000	6085	0.7070562839508057	163.2912561893463	0	11306	1.8577062109760105
51200	5538	0.6605353355407715	163.95179343223572	0	10423	1.881747607871457
51400	5540	0.6642749309539795	164.6160707473755	0	10426	1.8816098177224327
51600	5348	0.6469035148620605	165.26297616958618	0	10191	1.9052159282108805
51800	5390	0.6290369033813477	165.89201402664185	0	10298	1.9102207382674827
52000	5584	0.6533551216125488	166.54537057876587	0	10609	1.8995523724261414
52200	5994	0.7074215412139893	167.2527940273285	0	11095	1.8507089241034196
52400	5937	0.6954476833343506	167.94824361801147	0	11238	1.8925564163017852
52600	5299	0.632796049118042	168.581041097641	0	10117	1.9088679245283018
52800	5619	0.6791183948516846	169.26016092300415	0	10620	1.8896797153024911
53000	5524	0.6612601280212402	169.9214231967926	0	10508	1.9019004524886878
53200	5621	0.6630165576934814	170.58444166183472	0	10584	1.8826040554962646
53400	4553	0.5489068031311035	171.13335061073303	0	8999	1.9760649978041283
53600	5462	0.6394813060760498	171.77283430099487	0	10470	1.916529379461834
53800	5704	0.6674461364746094	172.440283536911	0	10627	1.8627519719544259
54000	6180	0.7326807975769043	173.1729667186737	0	11535	1.8662028797929138
54200	6030	0.7069754600524902	173.87994408607483	0	11380	1.8869175924390649
54400	5232	0.6112120151519775	174.49115777015686	0	9934	1.898337473724441
54600	5156	0.6108348369598389	175.10199451446533	0	9792	1.8987783595113439
54800	5595	0.6638402938842773	175.76583695411682	0	10567	1.88831308077198
55000	5299	0.642348051071167	176.40818691253662	0	10136	1.9124528301886792
55200	5683	0.6743738651275635	177.08256196975708	0	10762	1.8933849401829697
55400	5457	0.6403055191040039	177.72286891937256	0	10325	1.8917185782337853
55600	4967	0.5903575420379639	178.31322836875916	0	9648	1.9420289855072463
55800	5744	0.6675570011138916	178.9807870388031	0	10933	1.9030461270670147
56000	5417	0.6326649188995361	179.61345291137695	0	10346	1.9095607235142118
56200	5684	0.6717784404754639	180.28523302078247	0	10823	1.9037818821459982
56400	5482	0.675468921661377	180.9607036113739	0	10480	1.9113623928506291
56600	5499	0.6483683586120605	181.60907411575317	0	10383	1.8878181818181818
56800	5639	0.6607720851898193	182.26984786987305	0	10713	1.899468085106383
57000	5562	0.6465914249420166	182.91644072532654	0	10424	1.8738090958116125
57200	5658	0.6604106426239014	183.5768527984619	0	10881	1.9227778759498144
57400	5155	0.605196475982666	184.18205094337463	0	9924	1.9247478665632274
57600	5349	0.6227643489837646	184.80481600761414	0	10065	1.8813084112149532
57800	5662	0.6570665836334229	185.46188402175903	0	10667	1.8836305844958503
58000	5936	0.6987245082855225	186.16060996055603	0	11173	1.8819268991072933
58200	5426	0.6309473514556885	186.79155850410461	0	10348	1.9067624838769117
58400	6129	0.7069463729858398	187.49850583076477	0	11426	1.86394779771615
58600	5795	0.6666107177734375	188.16511750221252	0	10989	1.8959627329192548
58800	5431	0.6378173828125	188.80293607711792	0	10444	1.922680412371134
59000	5605	0.6642055511474609	189.46714282035828	0	10562	1.884052800570817
59200	5368	0.6407973766326904	190.10794162750244	0	10189	1.8977463214751351
59400	5513	0.6557085514068604	190.76365208625793	0	10487	1.901886108088502
59600	5688	0.6830458641052246	191.4466996192932	0	10715	1.8834593074354016
59800	5238	0.6210861206054688	192.06778764724731	0	10130	1.93357510975377
60000	5564	0.6548759937286377	192.722665309906	0	10610	1.9065588499550763
60200	5621	0.6656110286712646	193.38827848434448	0	10664	1.896833866951263
60400	5416	0.634645938873291	194.0229263305664	0	10128	1.8696695587963819
60600	5743	0.6797523498535156	194.70268058776855	0	10854	1.8896239554317549
60800	5920	0.6986880302429199	195.4013705253601	0	11198	1.8912345887519
61000	5375	0.6299529075622559	196.03132510185242	0	10062	1.8716517857142858
61200	5396	0.6361081600189209	196.6674346923828	0	10349	1.9175467852510655
61400	5654	0.6569292545318604	197.324364900589	0	10718	1.8953138815207782
61600	5270	0.6301138401031494	197.95448064804077	0	10071	1.910643141718839
61800	5604	0.6548264026641846	198.6093111038208	0	10648	1.8997323818019625
62000	5339	0.639563798904419	199.24887657165527	0	10353	1.9387640449438202
62200	5652	0.664283037185669	199.91316080093384	0	10796	1.9097824164160622
62400	6140	0.7075879573822021	200.62074995040894	0	11506	1.8736362156000652
62600	5487	0.6422619819641113	201.2630136013031	0	10694	1.9486151603498543
62800	5112	0.602327823638916	201.8653426170349	0	9749	1.906708390377469
63000	5644	0.659327507019043	202.52467131614685	0	10561	1.870859167404783
63200	5443	0.6332876682281494	203.1579601764679	0	10363	1.9035635562086701
63400	5436	0.634211540222168	203.79217290878296	0	10182	1.872723928637116
63600	5896	0.6886382102966309	204.48081231117249	0	11106	1.8833305070374766
63800	5888	0.6835265159606934	205.16434025764465	0	10948	1.859059263032773
64000	5432	0.6371481418609619	205.80148935317993	0	10488	1.9304251794588625
64200	5514	0.6570158004760742	206.45850706100464	0	10360	1.8785131459655484
64400	5690	0.6621301174163818	207.1206386089325	0	10697	1.8796345106308205
64600	5714	0.6673746109008789	207.78801441192627	0	10836	1.8960629921259842
64800	5990	0.6953086853027344	208.48332476615906	0	11239	1.8759806376231014
65000	5519	0.6420764923095703	209.12540245056152	0	10399	1.8838768115942028
65200	5655	0.6621851921081543	209.7875897884369	0	10548	1.8649222065063649
65400	5677	0.6683166027069092	210.45590829849243	0	10629	1.871961958436069
65600	5048	0.5968894958496094	211.05279922485352	0	9612	1.9037433155080214
65800	5526	0.6512777805328369	211.70407843589783	0	10468	1.8939750316627466
66000	5454	0.6431076526641846	212.34718823432922	0	10304	1.8889092575618698
66200	4886	0.578012228012085	212.92520189285278	0	9403	1.924084305299775
66400	5898	0.6914420127868652	213.6166455745697	0	11111	1.8835395829801662
66600	5388	0.6379759311676025	214.25462317466736	0	10185	1.8899610317313045
66800	5854	0.6796145439147949	214.93423867225647	0	10876	1.8575576430401366
67000	5364	0.6251688003540039	215.55940890312195	0	10285	1.9170549860205033
67200	5556	0.6603055000305176	216.21971559524536	0	10563	1.9008457800971748
67400	5806	0.6879584789276123	216.90767550468445	0	10826	1.8643017048389874
67600	5844	0.6903657913208008	217.59804224967957	0	11028	1.8867408041060736
67800	4765	0.5696792602539062	218.16772294044495	0	9217	1.933906840117499
68000	5868	0.6818263530731201	218.84955072402954	0	10967	1.8686317941727721
68200	5956	0.6952064037322998	219.54475903511047	0	11236	1.8861843209669296
68400	5291	0.6201817989349365	220.1649420261383	0	10153	1.9185563114134543
68600	5424	0.6312704086303711	220.79621386528015	0	10350	1.9078341013824884
68800	5165	0.6083054542541504	221.40452098846436	0	9979	1.9316686024003098
69000	5262	0.6214494705200195	222.02597212791443	0	10069	1.9131673950218506
69200	5440	0.6410541534423828	222.6670277118683	0	10308	1.8945046866384856
69400	5415	0.6411423683166504	223.30817222595215	0	10254	1.8932791728212703
69600	5211	0.6131255626678467	223.92129921913147	0	10087	1.9353415195702226
69800	5932	0.6860666275024414	224.6073670387268	0	11001	1.854205292432159
70000	5650	0.6657953262329102	225.27317094802856	0	10758	1.9037338524155016
70200	6072	0.7065627574920654	225.9797351360321	0	11388	1.8751852461715792
70400	5450	0.6425991058349609	226.62233662605286	0	10296	1.8888277380297194
70600	5626	0.6554198265075684	227.2777600288391	0	10609	1.8853740892127244
70800	5042	0.5963866710662842	227.8741488456726	0	9678	1.919095776323617
71000	5378	0.6445331573486328	228.51868391036987	0	9995	1.8581520728759993
71200	6312	0.7364978790283203	229.25518345832825	0	11613	1.8395374623792176
71400	6198	0.7207598686218262	229.9759452342987	0	11689	1.8856267139861267
71600	5218	0.6154294013977051	230.59137606620789	0	9860	1.8892508143322475
71800	5292	0.6243727207183838	231.21575045585632	0	10216	1.9300963536746647
72000	5389	0.6351878643035889	231.85094022750854	0	10145	1.8821892393320965
72200	5121	0.5996549129486084	232.45059633255005	0	9874	1.927762592737212
72400	5597	0.654367208480835	233.10496520996094	0	10528	1.880671668453019
72600	5880	0.6847751140594482	233.78974199295044	0	11011	1.8723006291447033
72800	5175	0.6062843799591064	234.3960280418396	0	10062	1.9439721792890263
73000	5541	0.6537003517150879	235.0497305393219	0	10491	1.8929989173583543
73200	5728	0.6760694980621338	235.72580194473267	0	10691	1.866119741665212
73400	5714	0.668708324432373	236.3945116996765	0	10867	1.9014873140857393
73600	5442	0.6555376052856445	237.05005073547363	0	10253	1.8837038397942312
73800	5574	0.6628947257995605	237.71294713020325	0	10610	1.9031390134529147
74000	5764	0.671785831451416	238.38473463058472	0	10774	1.8688638334778838
74200	6140	0.7142393589019775	239.098974943161	0	11391	1.8549096238397655
74400	5586	0.6559524536132812	239.75492882728577	0	10550	1.8883121532128155
74600	5820	0.6854989528656006	240.44042921066284	0	10860	1.8656588215083318
74800	5422	0.6421892642974854	241.08262062072754	0	10255	1.891019730776323
75000	5764	0.6870784759521484	241.76970076560974	0	10818	1.8764960971379012
75200	5223	0.6269710063934326	242.3966736793518	0	10112	1.9356814701378253
75400	5118	0.6075596809387207	243.00423550605774	0	9683	1.8915803867942957
75600	5827	0.6875228881835938	243.69176054000854	0	10974	1.8829787234042554
75800	5163	0.6080904006958008	244.2998526096344	0	9971	1.930867544539117
76000	5950	0.6992268562316895	244.99908113479614	0	11013	1.8506133422954125
76200	5586	0.6563403606414795	245.65542268753052	0	10550	1.8883121532128155
76400	5574	0.6632847785949707	246.31870889663696	0	10552	1.8927354260089686
76600	5644	0.6714122295379639	246.9901225566864	0	10701	1.8956598759964571
76800	5506	0.6516988277435303	247.64182329177856	0	10381	1.885055384056655
77000	5658	0.664191484451294	248.3060166835785	0	10631	1.8786004594451315
77200	5670	0.6698415279388428	248.97585940361023	0	10672	1.8818550520190442
77400	5778	0.6806161403656006	249.65647649765015	0	10985	1.9008478975601315
77600	5777	0.6746361255645752	250.33111357688904	0	10937	1.8928695050190378
77800	5900	0.6885907649993896	251.01970624923706	0	11080	1.8776478562955432
78000	5447	0.6370553970336914	251.65676283836365	0	10359	1.901431718061674
78200	5430	0.6344203948974609	252.29118466377258	0	10337	1.9033327195728227
78400	5440	0.6326184272766113	252.9238052368164	0	10238	1.8816394045212277
78600	5649	0.6702861785888672	253.59409356117249	0	10638	1.8828318584070796
78800	5809	0.6813340187072754	254.27542924880981	0	10979	1.889672977624785
79000	5635	0.6561539173126221	254.93158435821533	0	10768	1.9105748757984387
79200	5740	0.6770315170288086	255.60861825942993	0	10814	1.883643964466121
79400	5343	0.6332809925079346	256.2419013977051	0	10082	1.8866017964071857
79600	5910	0.6901957988739014	256.93209981918335	0	11094	1.8768397902216207
79800	5719	0.6767821311950684	257.60888385772705	0	10767	1.8823426573426574
80000	5594	0.659461498260498	258.26834750175476	0	10438	1.8655942806076855
80200	5691	0.6647293567657471	258.9330792427063	0	10738	1.8865073787772313
80400	5913	0.6982614994049072	259.6313419342041	0	11058	1.8698004734528237
80600	5505	0.643815279006958	260.27515840530396	0	10407	1.8901198692335635
80800	5620	0.6616554260253906	260.93681502342224	0	10602	1.8861412560042696
81000	5838	0.6818740367889404	261.6186902523041	0	10841	1.8566535365644803
81200	6162	0.7145118713378906	262.3332030773163	0	11398	1.8494239818270324
81400	5393	0.6332166194915771	262.96642088890076	0	10311	1.9115684093437153
81600	5479	0.6429839134216309	263.60940623283386	0	10474	1.9113138686131388
81800	5192	0.6127080917358398	264.22211599349976	0	9742	1.8759869054496439
82000	6100	0.7075405120849609	264.92965817451477	0	11317	1.854941812817571
82200	5427	0.6308891773223877	265.56054973602295	0	10266	1.891304347826087
82400	5729	0.6737444400787354	266.23429560661316	0	10676	1.8631762652705062
82600	6214	0.7313101291656494	266.96560764312744	0	11583	1.8637168141592921
82800	5564	0.6542885303497314	267.61989879608154	0	10584	1.9018867924528302
83000	5506	0.6481649875640869	268.2680654525757	0	10350	1.8794261848556382
83200	5808	0.684760570526123	268.952828168869	0	10793	1.8579789981063866
83400	5018	0.5938229560852051	269.5466523170471	0	9732	1.9390316796174536
83600	5389	0.6367537975311279	270.1834077835083	0	10286	1.9083487940630797
83800	5972	0.689847469329834	270.87325644493103	0	11234	1.8807969194709526
84000	5675	0.662761926651001	271.5360195636749	0	10612	1.8696264975334742
84200	6212	0.7275118827819824	272.2635328769684	0	11630	1.8718815387091583
84400	5998	0.7031779289245605	272.9667127132416	0	11182	1.8639773295549258
84600	5618	0.6604471206665039	273.627161026001	0	10653	1.8958889482114256
84800	5391	0.6322886943817139	274.2594509124756	0	10231	1.897440652818991
85000	5661	0.6620385646820068	274.9214906692505	0	10594	1.871070293182621
85200	5532	0.6509189605712891	275.5724108219147	0	10541	1.905114765949756
85400	5709	0.6716101169586182	276.24402260780334	0	10859	1.9017513134851138
85600	5158	0.6073434352874756	276.8513677120209	0	9908	1.9205272339600699
85800	5014	0.5870225429534912	277.438392162323	0	9577	1.9096709870388833
86000	5676	0.6670958995819092	278.1054892539978	0	10879	1.916329047031883
86200	5421	0.6370658874511719	278.7425570487976	0	10237	1.8880486905201033
86400	5614	0.6527237892150879	279.39528226852417	0	10658	1.8981300089047195
86600	5783	0.6735982894897461	280.0688819885254	0	10889	1.8826071922544951
86800	5805	0.6789648532867432	280.7478482723236	0	10929	1.8823630726834308
87000	5997	0.7062153816223145	281.45406556129456	0	11168	1.8619539846615538
87200	5871	0.6945104598999023	282.1485776901245	0	11169	1.9020776566757494
87400	5472	0.6413404941558838	282.7899193763733	0	10376	1.8958523661611548
87600	5910	0.6854410171508789	283.47536182403564	0	11155	1.88715953307393
87800	5161	0.6230030059814453	284.0983667373657	0	9801	1.8986826811313444
88000	5282	0.6249938011169434	284.7233624458313	0	10053	1.9028960817717206
88200	5605	0.6648890972137451	285.3882534503937	0	10800	1.9265073135925794
88400	5349	0.6295099258422852	286.017765045166	0	10197	1.905981308411215
88600	5646	0.6612248420715332	286.67899203300476	0	10515	1.8620506463608997
88800	5142	0.6073052883148193	287.28629899024963	0	9685	1.883142134940696
89000	5332	0.6258382797241211	287.9121389389038	0	10318	1.9347459216201013
89200	5248	0.6169543266296387	288.52909541130066	0	9886	1.883406363116784
89400	5892	0.6913495063781738	289.22044706344604	0	10950	1.8581367724418802
89600	5564	0.6610352993011475	289.88148403167725	0	10432	1.8745732255166216
89800	5628	0.6583187580108643	290.539803981781	0	10464	1.8589447503997159
90000	5478	0.6446967124938965	291.18450260162354	0	10314	1.8824603029749953
90200	5588	0.6553714275360107	291.8398756980896	0	10580	1.8930041152263375
90400	5617	0.6630282402038574	292.50290608406067	0	10667	1.8987184051263795
90600	5634	0.660618782043457	293.1635265350342	0	10594	1.8800354924578526
90800	6310	0.7340631484985352	293.8975918292999	0	11661	1.8477261923625417
91000	5594	0.6582329273223877	294.5558259487152	0	10624	1.8988382484361037
91200	5450	0.6420450210571289	295.19787335395813	0	10404	1.9086406164006604
91400	6112	0.7234501838684082	295.9213263988495	0	11411	1.8666775723867168
91600	6122	0.7190673351287842	296.6403968334198	0	11353	1.8541564592520006
91800	6178	0.7350053787231445	297.375403881073	0	11546	1.8685871500242757
92000	5204	0.6170501708984375	297.99245595932007	0	9927	1.9072046109510086
92200	5364	0.6369824409484863	298.62944078445435	0	10358	1.9306616961789376
92400	5228	0.6166985034942627	299.2461402416229	0	10021	1.916427615222796
92600	5052	0.60076904296875	299.84691071510315	0	9511	1.8822481694043143
92800	5797	0.6776063442230225	300.5245189666748	0	10827	1.8673680579510177
93000	5156	0.6081583499908447	301.1326787471771	0	9708	1.8824898196625945
93200	5536	0.6448523998260498	301.77753233909607	0	10483	1.8932635000903015
93400	5520	0.6632742881774902	302.4408082962036	0	10338	1.8724868683209563
93600	5154	0.6141810417175293	303.0549910068512	0	9965	1.933074684772066
93800	5419	0.6427755355834961	303.6977684497833	0	10367	1.912730627306273
94000	5730	0.6645908355712891	304.3623604774475	0	10633	1.855348106787646
94200	6285	0.7345359325408936	305.0968973636627	0	11530	1.8342348075087496
94400	6055	0.7112114429473877	305.80811047554016	0	11270	1.8609643328929988
94600	5524	0.6524887084960938	306.4606010913849	0	10428	1.887420814479638
94800	6286	0.7338809967041016	307.19448351860046	0	11665	1.8554159376491173
95000	4888	0.581967830657959	307.7764527797699	0	9589	1.9613417876866435
95200	5830	0.6938517093658447	308.4703059196472	0	10976	1.8823529411764706
95400	5784	0.6782772541046143	309.1485846042633	0	10780	1.8634399308556613
95600	4988	0.5987107753753662	309.7472975254059	0	9667	1.937662858288234
95800	5328	0.6284654140472412	310.37576508522034	0	10164	1.907299680990805
96000	6000	0.720137357711792	311.09590435028076	0	11302	1.883352774537577
96200	5792	0.6853597164154053	311.78126549720764	0	10827	1.8689798032107716
96400	5602	0.6686403751373291	312.44990825653076	0	10580	1.8882741388541853
96600	5888	0.6918094158172607	313.14171981811523	0	11079	1.881304126337239
96800	5021	0.5973553657531738	313.73907709121704	0	9753	1.9420549581839905
97000	5382	0.6457550525665283	314.3848342895508	0	10316	1.9164034924763143
97200	5522	0.6549201011657715	315.03975653648376	0	10469	1.895527792866196
97400	5528	0.6609117984771729	315.700670003891	0	10512	1.9012479652740097
97600	6141	0.725595235824585	316.4262671470642	0	11331	1.8448388147183328
97800	5748	0.6819279193878174	317.10819697380066	0	10759	1.8714559053748479
98000	5638	0.665682315826416	317.77388095855713	0	10614	1.8822486256428446
98200	5793	0.6791536808013916	318.4530358314514	0	10852	1.8729720400414223
98400	5578	0.6486222743988037	319.1016592979431	0	10717	1.9209535759096612
98600	5738	0.6674284934997559	319.7690894603729	0	10923	1.903293256664924
98800	6019	0.7047524452209473	320.4738438129425	0	11364	1.8877076411960132
99000	5512	0.6500768661499023	321.1239218711853	0	10384	1.883547977507709
99200	5289	0.6352128982543945	321.75913643836975	0	10061	1.901890359168242
99400	5408	0.6393072605133057	322.3984453678131	0	10177	1.8814938066185987
99600	6100	0.7185578346252441	323.1170048713684	0	11475	1.8808392066874282
99800	5746	0.672748327255249	323.78975462913513	0	10803	1.8797633547938055
