#Interval	Step nums	Times	Abs time	Breaks	Pos nums	Pos ratio
200	2983	0.35557007789611816	0.3556339740753174	0	8543	2.862935656836461
400	3119	0.37000560760498047	0.7256746292114258	0	8680	2.782051282051282
600	3294	0.3887441158294678	1.1144435405731201	0	8725	2.6479514415781487
800	3191	0.37802934646606445	1.4925053119659424	0	8464	2.6516290726817044
1000	3389	0.40163755416870117	1.8941700458526611	0	8916	2.630088495575221
1200	3553	0.4201529026031494	2.3143534660339355	0	9131	2.5692177827799663
1400	3498	0.4148104190826416	2.729193687438965	0	8800	2.5150042869391256
1600	3841	0.45049548149108887	3.179718494415283	0	9299	2.420353982300885
1800	3533	0.41677021980285645	3.596513271331787	0	8756	2.477645727221279
2000	4020	0.47109222412109375	4.0676305294036865	0	9665	2.403630937577717
2200	4116	0.4848809242248535	4.552536964416504	0	9754	2.3692008744231234
2400	4410	0.5246903896331787	5.07725191116333	0	10039	2.275901156200408
2600	4298	0.506263017654419	5.583539247512817	0	10118	2.353570597813445
2800	4335	0.5083250999450684	6.091887950897217	0	9768	2.2527675276752768
3000	4123	0.4875810146331787	6.57949423789978	0	9409	2.2815227934044615
3200	4342	0.5123603343963623	7.091879844665527	0	9538	2.1961777573106147
3400	4859	0.5653951168060303	7.657301664352417	0	10276	2.11440329218107
3600	4422	0.5147895812988281	8.172116756439209	0	9468	2.1406285326701333
3800	4318	0.5040340423583984	8.676174402236938	0	9372	2.16994674693216
4000	4344	0.5113368034362793	9.187538623809814	0	9300	2.140391254315305
4200	4523	0.530325174331665	9.717888116836548	0	9871	2.1819186560565873
4400	4843	0.5755116939544678	10.293421506881714	0	10045	2.0736994219653178
4600	4914	0.5876660346984863	10.881117343902588	0	10384	2.1127161749745675
4800	4349	0.5199975967407227	11.401140928268433	0	9307	2.1395402298850574
5000	5056	0.6060729026794434	12.007236957550049	0	10504	2.077120822622108
5200	5366	0.6382730007171631	12.645533561706543	0	10951	2.040432271287498
5400	4688	0.5618445873260498	13.207401990890503	0	9622	2.0520366815952227
5600	4858	0.5897903442382812	13.797216176986694	0	10018	2.061741098991562
5800	4483	0.5482792854309082	14.345523595809937	0	9651	2.152319357716325
6000	5032	0.6139791011810303	14.95952820777893	0	10382	2.062785614941387
6200	4884	0.5838589668273926	15.543410539627075	0	10022	2.0515864892528146
6400	4841	0.5928328037261963	16.136265516281128	0	9905	2.0456422965716645
6600	4568	0.5526177883148193	16.688908100128174	0	9387	2.0544977019041366
6800	4867	0.5797529220581055	17.26868510246277	0	9928	2.039441248972884
7000	5084	0.6031644344329834	17.871869802474976	0	10261	2.017895771878073
7200	4990	0.5973050594329834	18.46919822692871	0	10171	2.037868162692847
7400	4699	0.5599634647369385	19.029187202453613	0	9581	2.0385106382978724
7600	4963	0.5900628566741943	19.61927318572998	0	10051	2.02477840451249
7800	5360	0.646766185760498	20.266062259674072	0	10698	1.995523223279239
8000	4906	0.5890974998474121	20.85518169403076	0	9919	2.021398002853067
8200	5439	0.6432056427001953	21.498411893844604	0	10776	1.9808823529411765
8400	5284	0.6234257221221924	22.1218581199646	0	10502	1.9871333964049196
8600	5330	0.6288130283355713	22.750693321228027	0	10504	1.970362033389608
8800	5979	0.7020905017852783	23.45280647277832	0	11429	1.9112040133779264
9000	5093	0.6064679622650146	24.059295892715454	0	9939	1.9511189634864547
9200	4767	0.5677204132080078	24.627037525177002	0	9513	1.9951761744966443
9400	5228	0.6247110366821289	25.251770734786987	0	10107	1.9328743545611016
9600	5368	0.6498925685882568	25.90168571472168	0	10615	1.9770907059042653
9800	4727	0.5693185329437256	26.471029043197632	0	9404	1.9890016920473774
10000	4713	0.563835859298706	27.034893035888672	0	9535	2.022698345354264
10200	4791	0.5712854862213135	27.606207132339478	0	9455	1.9730801335559265
10400	5645	0.6750166416168213	28.281245946884155	0	10898	1.9302160821820757
10600	5746	0.6859304904937744	28.967211961746216	0	10936	1.9029058639290064
10800	5524	0.6668899059295654	29.6341233253479	0	10819	1.9581900452488687
11000	5322	0.6482813358306885	30.282430171966553	0	10487	1.970129626150667
11200	5495	0.6552789211273193	30.937740564346313	0	10572	1.9235807860262009
11400	5921	0.7005085945129395	31.638272762298584	0	11125	1.8785883147585276
11600	5518	0.6743767261505127	32.312674045562744	0	10642	1.9282478709911215
11800	5354	0.641655683517456	32.95435357093811	0	10473	1.9557422969187674
12000	5089	0.6126863956451416	33.56706523895264	0	9928	1.9504911591355598
12200	5238	0.6199111938476562	34.186999559402466	0	10247	1.9559076159572437
12400	5652	0.6650302410125732	34.852055311203	0	10818	1.9136741553157615
12600	5442	0.6375689506530762	35.489646911621094	0	10706	1.9669300018372222
12800	5919	0.7026681900024414	36.19233798980713	0	11123	1.8788851351351352
13000	5267	0.6322813034057617	36.82464575767517	0	10238	1.9434320425208809
13200	5191	0.6186261177062988	37.44329571723938	0	10104	1.9460708782742682
13400	5032	0.6086087226867676	38.05192685127258	0	9931	1.973177031591496
13600	5216	0.6360788345336914	38.68803143501282	0	10029	1.9223691776883267
13800	5547	0.6703717708587646	39.358431577682495	0	10477	1.8884282624369142
14000	5627	0.6926486492156982	40.051122426986694	0	10792	1.9175550817341862
14200	5648	0.6784484386444092	40.72959494590759	0	10758	1.9044078597981944
14400	5342	0.6393468379974365	41.36896324157715	0	10068	1.8843346434587311
14600	5467	0.655585527420044	42.02457237243652	0	10488	1.9180687637161669
14800	5384	0.6480391025543213	42.672632694244385	0	10409	1.932961931290622
15000	5379	0.6486942768096924	43.32135200500488	0	10397	1.9325278810408921
15200	5852	0.7012169361114502	44.02259635925293	0	11129	1.9014180762002393
15400	5177	0.6354992389678955	44.65813684463501	0	9892	1.91039011201236
15600	5633	0.6680483818054199	45.326210021972656	0	10680	1.8956336528221511
15800	5525	0.6611783504486084	45.98741102218628	0	10798	1.9540354686934491
16000	6049	0.7216048240661621	46.70903992652893	0	11452	1.8928925619834711
16200	4921	0.596839189529419	47.30590295791626	0	9637	1.9579439252336448
16400	5662	0.6733822822570801	47.979308128356934	0	10856	1.9170051209606216
16600	4985	0.5965018272399902	48.575836420059204	0	9815	1.9685118331327718
16800	5256	0.6258244514465332	49.20168495178223	0	10014	1.9048887198021685
17000	5222	0.6214456558227539	49.823155641555786	0	10269	1.9661114302125215
17200	5805	0.6871545314788818	50.510334968566895	0	11012	1.8966586290044782
17400	4716	0.5703208446502686	51.08068084716797	0	9354	1.9830400678397286
17600	5511	0.6519360542297363	51.73263883590698	0	10465	1.8985849056603774
17800	5051	0.5975909233093262	52.330252170562744	0	9834	1.9465558194774346
18000	5152	0.6115400791168213	52.94181728363037	0	10219	1.9831166310886863
18200	5391	0.6435279846191406	53.58536911010742	0	10267	1.9041172106824926
18400	5384	0.6394357681274414	54.22482752799988	0	10321	1.9166202414113278
18600	5821	0.6878373622894287	54.91268873214722	0	11016	1.8921332875300585
18800	4959	0.5885467529296875	55.50125813484192	0	9567	1.9288306451612902
19000	5560	0.6603403091430664	56.16162085533142	0	10619	1.9095486423305161
19200	4836	0.5840885639190674	56.74573302268982	0	9490	1.9619598924953483
19400	5560	0.6619710922241211	57.4077262878418	0	10587	1.903794281604028
19600	5208	0.6242823600769043	58.03203058242798	0	10046	1.928585141101939
19800	5528	0.6621830463409424	58.69423723220825	0	10601	1.9173449086634111
20000	5326	0.6318526268005371	59.32611417770386	0	10118	1.8993805143608034
20200	5887	0.7027459144592285	60.02888250350952	0	11083	1.8823029891304348
20400	5098	0.6276440620422363	60.656553983688354	0	9737	1.9095901157089625
20600	5357	0.6491751670837402	61.30575513839722	0	10466	1.9533407988055245
20800	5871	0.712080717086792	62.01786017417908	0	11145	1.8979904632152589
21000	5885	0.708531379699707	62.72641682624817	0	11003	1.8693510023785254
21200	5491	0.6808342933654785	63.407291650772095	0	10513	1.9142388929351783
21400	5527	0.6545929908752441	64.06190943717957	0	10398	1.8809696092619392
21600	5858	0.7028157711029053	64.76474785804749	0	11065	1.888547533708824
21800	5656	0.702570915222168	65.46734642982483	0	10784	1.9063107654233693
22000	5274	0.6515495777130127	66.11892127990723	0	10351	1.9622748815165876
22200	5176	0.6396346092224121	66.75858283042908	0	9829	1.8985899169403129
22400	5420	0.665665864944458	67.42427229881287	0	10357	1.9105331119719609
22600	5720	0.7112782001495361	68.13557767868042	0	10972	1.917846530326866
22800	5724	0.6983585357666016	68.83396649360657	0	10872	1.8990393013100437
23000	5513	0.6607677936553955	69.49475884437561	0	10579	1.9185709104098658
23200	5683	0.6883034706115723	70.18309235572815	0	10697	1.8819493314567206
23400	5927	0.7065713405609131	70.88968825340271	0	11257	1.8989541160593792
23600	5861	0.7065250873565674	71.59623551368713	0	10882	1.8563630160354827
23800	5481	0.6612520217895508	72.2575147151947	0	10476	1.9109813936519517
24000	6237	0.7520055770874023	73.0095431804657	0	11616	1.8621352997755691
24200	5811	0.7061474323272705	73.71571636199951	0	11093	1.9086373021335168
24400	5617	0.6796867847442627	74.39543104171753	0	10653	1.8962264150943395
24600	5389	0.6500208377838135	75.04548382759094	0	10392	1.9280148423005565
24800	4957	0.606112003326416	75.6516227722168	0	9602	1.9366680112948769
25000	5359	0.6473517417907715	76.29899835586548	0	10190	1.9011194029850746
25200	5649	0.6843514442443848	76.98337531089783	0	10618	1.87929203539823
25400	5642	0.6896347999572754	77.67303538322449	0	10687	1.8938507885876308
25600	5187	0.6436595916748047	78.3167200088501	0	9964	1.920585967617579
25800	5464	0.6543419361114502	78.97108912467957	0	10434	1.9092406221408966
26000	5598	0.7085123062133789	79.67962598800659	0	10704	1.911769958921236
26200	5454	0.6897923946380615	80.36944484710693	0	10541	1.9323556370302475
26400	5878	0.7742745876312256	81.14374804496765	0	11085	1.885524749106991
26600	5418	0.720451831817627	81.86422610282898	0	10302	1.9010887617641632
26800	5312	0.7115981578826904	82.57585048675537	0	10164	1.9130434782608696
27000	5323	0.7394266128540039	83.31531023979187	0	10166	1.90946656649136
27200	5414	0.7271170616149902	84.04246497154236	0	10262	1.895106186518929
27400	5459	0.7435586452484131	84.78605198860168	0	10358	1.897069597069597
27600	5754	0.8471200466156006	85.6332197189331	0	10885	1.891398783666377
27800	5722	0.7682991027832031	86.40154719352722	0	10773	1.8824043333915779
28000	5551	0.8465254306793213	87.2481062412262	0	10477	1.8870677233429394
28200	5800	0.7373216152191162	87.98546171188354	0	11074	1.9089812101361834
28400	5449	0.6634914875030518	88.64897775650024	0	10365	1.9018348623853212
28600	5666	0.6795980930328369	89.32860350608826	0	10767	1.8999470619375332
28800	5180	0.6188557147979736	89.94748783111572	0	9999	1.929936305732484
29000	5918	0.7055022716522217	90.65301465988159	0	11061	1.868727825646224
29200	5315	0.6422030925750732	91.29524207115173	0	10131	1.9057562076749435
29400	5077	0.6100118160247803	91.90528082847595	0	9691	1.9084285151634501
29600	5744	0.6836001873016357	92.58890748023987	0	10744	1.870147954743255
29800	5423	0.6425633430480957	93.23149824142456	0	10482	1.9325221238938053
30000	5546	0.6671707630157471	93.89869117736816	0	10577	1.9067964665585
30200	5369	0.6415925025939941	94.54030656814575	0	10094	1.8797020484171323
30400	5262	0.6338224411010742	95.17415499687195	0	10162	1.930837925137754
30600	5641	0.6815288066864014	95.85570812225342	0	10805	1.9151010280042537
30800	5346	0.6420068740844727	96.49774098396301	0	10202	1.9079857864222929
31000	5776	0.683769941329956	97.18153667449951	0	10887	1.884542149904795
31200	6246	0.7341551780700684	97.91571593284607	0	11758	1.8821834480550663
31400	5015	0.5966925621032715	98.51243019104004	0	9544	1.9027113237639552
31600	5838	0.6835901737213135	99.196053981781	0	10927	1.8713820859736257
31800	5955	0.7088415622711182	99.90491843223572	0	11237	1.8866689053055743
32000	5205	0.6254239082336426	100.53036451339722	0	10130	1.945831732616212
32200	5447	0.6552474498748779	101.1856336593628	0	10513	1.9296989720998532
32400	5355	0.6377365589141846	101.82339477539062	0	10148	1.8946975354742346
32600	5642	0.6706380844116211	102.49405455589294	0	10755	1.9059011164274322
32800	5512	0.6553089618682861	103.14938426017761	0	10343	1.8761110103391982
33000	5767	0.6833746433258057	103.83278059959412	0	10753	1.864251040221914
33200	5976	0.7079238891601562	104.54072618484497	0	11240	1.8805420779655346
33400	5840	0.692988395690918	105.2337372303009	0	10998	1.8828967642526964
33600	4883	0.5943591594696045	105.82811760902405	0	9451	1.9350941850941852
33800	5586	0.6682777404785156	106.4964210987091	0	10526	1.8840164667979238
34000	5314	0.6323456764221191	107.12879419326782	0	10075	1.8955785512699905
34200	5951	0.6991617679595947	107.82797908782959	0	11221	1.8852486559139785
34400	5134	0.6249749660491943	108.45297574996948	0	9870	1.9221032132424538
34600	5806	0.6864814758300781	109.13948488235474	0	10827	1.8644739107973136
34800	5450	0.6488137245178223	109.788321018219	0	10526	1.9310218308567235
35000	5697	0.6724460124969482	110.46079015731812	0	10792	1.893997893997894
35200	5521	0.6560297012329102	111.11684465408325	0	10547	1.9099963781238682
35400	5393	0.6434803009033203	111.76034736633301	0	10383	1.924916573971079
35600	5683	0.6800010204315186	112.4403727054596	0	10948	1.9261083743842364
35800	5454	0.6469404697418213	113.08734178543091	0	10347	1.8967919340054995
36000	6217	0.7522799968719482	113.83964848518372	0	11514	1.851720810550016
36200	5080	0.6117954254150391	114.45146989822388	0	9741	1.9171422948238537
36400	5081	0.6083352565765381	115.05983114242554	0	9870	1.9421487603305785
36600	5220	0.6268634796142578	115.68672895431519	0	9944	1.9046159739513504
36800	5428	0.6556289196014404	116.3423843383789	0	10249	1.8878246454227299
37000	5994	0.711561918258667	117.05397319793701	0	11271	1.8800667222685572
37200	6104	0.7197577953338623	117.77375531196594	0	11319	1.854054054054054
37400	5633	0.6754891872406006	118.44927024841309	0	10519	1.867057152999645
37600	5213	0.621640682220459	119.07093286514282	0	9926	1.9037207518220176
37800	5956	0.7027366161346436	119.7736918926239	0	11338	1.9033070337418163
38000	5600	0.6629698276519775	120.43668746948242	0	10693	1.9091233708266382
38200	6014	0.7007412910461426	121.13745379447937	0	11205	1.8628428927680798
38400	5735	0.671924352645874	121.80940008163452	0	10982	1.9145746164574617
38600	5300	0.625694990158081	122.43512034416199	0	10143	1.9134125636672326
38800	5588	0.6680376529693604	123.10317897796631	0	10618	1.8998031848273393
39000	5712	0.6812944412231445	123.78449535369873	0	10702	1.8732714860843689
39200	5447	0.6531856060028076	124.43770384788513	0	10282	1.8872980910425845
39400	5095	0.6120288372039795	125.04975914955139	0	9947	1.9519230769230769
39600	5409	0.6529438495635986	125.70272517204285	0	10254	1.8953789279112754
39800	5600	0.6722033023834229	126.37495613098145	0	10557	1.884841992501339
40000	5396	0.6685082912445068	127.04348945617676	0	10424	1.931443394478414
40200	5887	0.7501857280731201	127.79370284080505	0	11096	1.8845108695652173
40400	6637	0.9068868160247803	128.70061564445496	0	12304	1.853570352515818
40600	5884	0.8451521396636963	129.54580903053284	0	11026	1.8735768903993204
40800	5565	0.6897010803222656	130.2355351448059	0	10677	1.9182536830758175
41000	5212	0.6678590774536133	130.9034230709076	0	9928	1.9044695952426627
41200	6103	0.7619462013244629	131.66540145874023	0	11607	1.9015399737876801
41400	5974	0.7390477657318115	132.40447807312012	0	11179	1.8709623430962343
41600	5871	0.7362494468688965	133.1407549381256	0	11122	1.8940735694822888
41800	5541	0.6951277256011963	133.83591079711914	0	10343	1.8662937567665103
42000	5771	0.7200272083282471	134.55596613883972	0	10999	1.9055786555786556
42200	5394	0.6783242225646973	135.23432040214539	0	10243	1.8986098239110287
42400	5461	0.6977307796478271	135.93207907676697	0	10462	1.9154155986818016
42600	5419	0.6917729377746582	136.6238784790039	0	10294	1.8992619926199261
42800	5642	0.7065150737762451	137.33041858673096	0	10702	1.896508949140528
43000	5853	0.7454719543457031	138.0759265422821	0	10935	1.8679535360437307
43200	5312	0.662731409072876	138.7386817932129	0	10101	1.901185770750988
43400	5339	0.6690025329589844	139.40771102905273	0	10153	1.901310861423221
43600	5587	0.7052068710327148	140.11295008659363	0	10559	1.8895848246241946
43800	5877	0.7273802757263184	140.84035873413086	0	11113	1.8906090506975162
44000	5469	0.6770048141479492	141.5173900127411	0	10362	1.8943327239488117
44200	5387	0.6697924137115479	142.18720698356628	0	10325	1.9162954714179659
44400	5074	0.6516618728637695	142.8388957977295	0	9809	1.932807881773399
44600	5957	0.7367908954620361	143.5757119655609	0	11124	1.8670694864048338
44800	6408	0.7880587577819824	144.36379504203796	0	12018	1.8751755344047434
45000	5875	0.7694718837738037	145.13329219818115	0	11110	1.8907420013614704
45200	5624	0.7035799026489258	145.83689904212952	0	10678	1.898311111111111
45400	5449	0.6873006820678711	146.52423286437988	0	10397	1.9077064220183486
45600	5003	0.6242978572845459	147.1485583782196	0	9667	1.9318545163868905
45800	5921	0.7399420738220215	147.88852882385254	0	11141	1.88129010469436
46000	5961	0.7428555488586426	148.63141131401062	0	11260	1.8886279771888628
46200	5431	0.6833953857421875	149.3148422241211	0	10405	1.9155007363770251
46400	5320	0.6729648113250732	149.98783564567566	0	10078	1.8940048862995678
46600	5676	0.7161393165588379	150.70400953292847	0	10688	1.8826845164699666
46800	5155	0.630441427230835	151.334477186203	0	9758	1.8925523661753296
47000	5231	0.6629621982574463	151.99746751785278	0	9897	1.8916284403669725
47200	5771	0.7008116245269775	152.6983082294464	0	11076	1.9189189189189189
47400	5576	0.6792151927947998	153.3775486946106	0	10704	1.9193114577729962
47600	5434	0.6628496646881104	154.04042291641235	0	10301	1.895308187672493
47800	5725	0.7291574478149414	154.76961064338684	0	10904	1.9042961928047502
48000	6459	0.840101957321167	155.6097388267517	0	12157	1.881888544891641
48200	5211	0.7136454582214355	156.32341289520264	0	9902	1.8998465080583269
48400	5558	0.7423539161682129	157.0658004283905	0	10659	1.9174311926605505
48600	5528	0.6836800575256348	157.74950647354126	0	10399	1.8808102731054441
48800	5022	0.6430022716522217	158.39253330230713	0	9633	1.9177782201871392
49000	5890	0.7569754123687744	159.14953875541687	0	10877	1.8463758275335258
49200	5620	0.7206220626831055	159.87019205093384	0	10573	1.8809820316669632
49400	5517	0.6970782279968262	160.56730103492737	0	10467	1.8968829285973179
49600	5760	0.7401309013366699	161.3074667453766	0	10697	1.856795695191807
49800	5300	0.6638686656951904	161.97136521339417	0	10062	1.898132427843803
50000	6239	0.783221960067749	162.75461864471436	0	11819	1.8940705128205129
50200	6062	0.7651772499084473	163.5198278427124	0	11465	1.8909780636648523
50400	5793	0.7320339679718018	164.25189757347107	0	10848	1.8722816706938212
50600	5273	0.6628553867340088	164.91477918624878	0	10172	1.9287068638604474
50800	5327	0.6728525161743164	165.587660074234	0	10112	1.897897897897898
51000	5995	0.7646160125732422	166.35230374336243	0	11317	1.8874249499666444
51200	5906	0.7515683174133301	167.10389804840088	0	10996	1.861520230235314
51400	5890	0.7587900161743164	167.8627188205719	0	10933	1.8558818536750976
51600	5280	0.6689558029174805	168.53170490264893	0	10006	1.8947169096761978
51800	6270	0.8136177062988281	169.3453507423401	0	11617	1.8524956147344922
52000	5980	0.7700722217559814	170.11544966697693	0	11300	1.8893161678649055
52200	6332	0.7894337177276611	170.90491795539856	0	11838	1.8692562766461394
52400	5945	0.7634596824645996	171.66840410232544	0	11143	1.874032963336697
52600	5552	0.7269668579101562	172.39540004730225	0	10623	1.9130199891950297
52800	5037	0.6446356773376465	173.04006266593933	0	9575	1.9005557761016276
53000	5298	0.6771626472473145	173.71725416183472	0	10227	1.92998678996037
53200	5613	0.7116155624389648	174.4288990497589	0	10663	1.8993587459921624
53400	5496	0.7454319000244141	175.17436003684998	0	10546	1.9185010005457521
53600	5652	0.7256932258605957	175.9000813961029	0	10524	1.8616663718379622
53800	5398	0.7065658569335938	176.6066770553589	0	10199	1.889053528431191
54000	5079	0.654531717300415	177.2612338066101	0	9843	1.9375984251968503
54200	5374	0.7155795097351074	177.97684574127197	0	10404	1.9356279069767441
54400	5467	0.7190346717834473	178.69590711593628	0	10403	1.9025237746891002
54600	5694	0.744908332824707	179.44084644317627	0	10710	1.8805970149253732
54800	5309	0.6972644329071045	180.13813877105713	0	10099	1.9018832391713747
55000	5864	0.7582225799560547	180.89638876914978	0	11018	1.8786018755328218
55200	5176	0.6810860633850098	181.57750034332275	0	9867	1.9059300753332045
55400	6090	0.7851212024688721	182.36264824867249	0	11469	1.88294204564111
55600	5685	0.8176171779632568	183.18029379844666	0	10755	1.8914878649314104
55800	5704	0.7449734210968018	183.9252953529358	0	10866	1.9046450482033304
56000	5539	0.7232117652893066	184.64853405952454	0	10553	1.9048736462093863
56200	5633	0.7346184253692627	185.3831799030304	0	10647	1.889776357827476
56400	6009	0.7913064956665039	186.17451238632202	0	11197	1.8630615640599002
56600	5606	0.7382309436798096	186.91277313232422	0	10661	1.9013732833957553
56800	5261	0.6895437240600586	187.6023428440094	0	10005	1.9013683010262257
57000	5560	0.7370800971984863	188.3394525051117	0	10620	1.9097284661032188
57200	5645	0.7582318782806396	189.09771275520325	0	10915	1.9332270634077222
57400	5905	0.7916302680969238	189.88936972618103	0	11096	1.8787673552319675
57600	6056	0.817683219909668	190.70707988739014	0	11184	1.8464586428925212
57800	5596	0.7553424835205078	191.46245217323303	0	10588	1.8917277112738968
58000	6154	0.8357245922088623	192.29820609092712	0	11618	1.8875710804224208
58200	5308	0.743048906326294	193.04128289222717	0	10041	1.891316632134112
58400	5513	0.7642221450805664	193.80553317070007	0	10472	1.8991657598839318
58600	5606	0.7551462650299072	194.56070971488953	0	10632	1.8962011771000535
58800	5726	0.788048505783081	195.34879088401794	0	10757	1.8782957918631047
59000	5813	0.8323547840118408	196.1812071800232	0	10923	1.8787409700722395
59200	5432	0.7588613033294678	196.94009613990784	0	10277	1.8915884410086508
59400	5707	0.7733585834503174	197.7134850025177	0	10723	1.8785914505956551
59600	5704	0.7663345336914062	198.47984910011292	0	10755	1.8851884312007012
59800	5693	0.7670800685882568	199.24695754051208	0	10743	1.886722866174921
60000	5728	0.769629955291748	200.0166139602661	0	10919	1.9059172630476522
60200	5477	0.7385082244873047	200.75515007972717	0	10516	1.9196787148594376
60400	5822	0.7774388790130615	201.532616853714	0	10881	1.8686244204018547
60600	5486	0.7390897274017334	202.27173376083374	0	10378	1.8913796245671588
60800	5896	0.7913756370544434	203.0631387233734	0	11173	1.8946922163812108
61000	5610	0.7569499015808105	203.82011723518372	0	10697	1.9064337907681341
61200	5203	0.728717565536499	204.5488646030426	0	9953	1.9125672559569562
61400	5362	0.727668285369873	205.27656173706055	0	10090	1.8814096587730749
61600	5967	0.8001041412353516	206.07669258117676	0	10978	1.8394772117962466
61800	5312	0.7424430847167969	206.8191680908203	0	10050	1.8915866741953697
62000	5040	0.6839919090270996	207.50319075584412	0	9551	1.8946637571910334
62200	5430	0.8016924858093262	208.30491018295288	0	10285	1.8937580556067022
62400	5240	0.7818453311920166	209.0867850780487	0	10037	1.915092539591681
62600	5182	0.8136603832244873	209.90047812461853	0	9953	1.9203164190623192
62800	5856	0.8263769149780273	210.7268888950348	0	11010	1.8798019463889364
63000	5359	0.7853171825408936	211.51223158836365	0	10224	1.9074626865671642
63200	5819	0.8693523406982422	212.38161325454712	0	10956	1.8824742268041237
63400	5638	0.9112322330474854	213.29288148880005	0	10538	1.8687710586983508
63600	5559	0.7484743595123291	214.04138469696045	0	10592	1.9050359712230216
63800	5313	0.755692720413208	214.7971076965332	0	10152	1.9104252916823485
64000	5398	0.7931249141693115	215.5902636051178	0	10188	1.8870161140952029
64200	5344	0.7316145896911621	216.32190775871277	0	10194	1.9072029934518242
64400	5397	0.7343008518218994	217.05623579025269	0	10321	1.912004446091145
64600	5563	0.7510049343109131	217.80727362632751	0	10662	1.9162473040977714
64800	5806	0.8040647506713867	218.61136674880981	0	10937	1.883416566213191
65000	5375	0.7354960441589355	219.34689164161682	0	10217	1.900483630952381
65200	5420	0.7504940032958984	220.09741497039795	0	10288	1.8978048330566317
65400	5398	0.7402734756469727	220.83772349357605	0	10143	1.8786812372661603
65600	6665	0.9048032760620117	221.7425572872162	0	12266	1.84008400840084
65800	5430	0.736328125	222.4789116382599	0	10314	1.8990977720493463
66000	5707	0.7856333255767822	223.26457118988037	0	10508	1.8409250175192713
66200	5562	0.7697114944458008	224.03432178497314	0	10660	1.916232248786626
66400	5738	0.8071787357330322	224.8415343761444	0	10783	1.8788987628506708
66600	5796	0.81764817237854	225.6592140197754	0	10872	1.8754528204243575
66800	5109	0.7277710437774658	226.38701367378235	0	9818	1.92133072407045
67000	6066	0.8431932926177979	227.23023653030396	0	11218	1.8490192846546893
67200	6109	0.8667721748352051	228.0970389842987	0	11336	1.8553191489361702
67400	5401	0.7576789855957031	228.854745388031	0	10288	1.9044798222880415
67600	5069	0.6902685165405273	229.54504108428955	0	9695	1.9122287968441816
67800	4920	0.6702508926391602	230.21532154083252	0	9407	1.9116033326559643
68000	5870	0.806816816329956	231.02216744422913	0	10944	1.8640776699029127
68200	5588	0.7858166694641113	231.808012008667	0	10708	1.9159062444086599
68400	5295	0.7955272197723389	232.6035714149475	0	10197	1.925415407854985
68600	5900	0.8219130039215088	233.4255154132843	0	11111	1.8829012031859007
68800	5414	0.7534165382385254	234.17895817756653	0	10290	1.9002770083102494
69000	5490	0.7359380722045898	234.91492342948914	0	10321	1.879621198324531
69200	5770	0.8060717582702637	235.72102546691895	0	10783	1.8684803326979726
69400	6205	0.856865406036377	236.5779197216034	0	11673	1.8809216886883662
69600	5359	0.7104175090789795	237.2883653640747	0	10202	1.903358208955224
69800	5012	0.672468900680542	237.96086359024048	0	9668	1.928585677239178
70000	5618	0.7450478076934814	238.7059404850006	0	10695	1.9033635878270154
70200	5743	0.7815952301025391	239.48756527900696	0	10829	1.8852715877437325
70400	5056	0.723393440246582	240.2109889984131	0	9700	1.9181332806011469
70600	5664	0.7996315956115723	241.01065397262573	0	10620	1.8746690203000882
70800	5738	0.7720019817352295	241.7826852798462	0	10692	1.8630423418714062
71000	5788	0.8011343479156494	242.58384728431702	0	10876	1.878735532907238
71200	5782	0.8121836185455322	243.39606046676636	0	10852	1.876534670586201
71400	6421	0.8662753105163574	244.2623610496521	0	11958	1.8620367486764249
71600	5528	0.7687861919403076	245.03117752075195	0	10357	1.8732139627419062
71800	5955	0.803436279296875	245.83464241027832	0	11344	1.9046339825386165
72000	5164	0.6978697776794434	246.53254079818726	0	9849	1.9068731848983542
72200	5567	0.7862973213195801	247.31886291503906	0	10591	1.9021192528735633
72400	5124	0.7110826969146729	248.0299735069275	0	9660	1.8848780487804877
72600	6411	0.91558837890625	248.94558930397034	0	11981	1.868527760449158
72800	5524	0.8214023113250732	249.76701998710632	0	10417	1.8854298642533938
73000	5435	0.7593638896942139	250.5264172554016	0	10272	1.8896247240618103
73200	5674	0.779782772064209	251.30623531341553	0	10729	1.8905726872246695
73400	5721	0.8010332584381104	252.10730481147766	0	10659	1.8628102062216008
73600	5753	0.8163132667541504	252.92364645004272	0	10795	1.8760862009037191
73800	4950	0.6979081630706787	253.62158346176147	0	9512	1.9212280347404564
74000	5043	0.6807122230529785	254.3023238182068	0	9776	1.9381443298969072
74200	5644	0.7559678554534912	255.0583209991455	0	10679	1.891762621789194
74400	5521	0.7913305759429932	255.84968256950378	0	10488	1.8993118435349512
74600	6133	0.8503320217132568	256.7000560760498	0	11476	1.8708835996087383
74800	5804	0.807934045791626	257.50801849365234	0	11133	1.917829457364341
75000	5896	0.8043241500854492	258.31237030029297	0	11150	1.8907919280990335
75200	5520	0.7549502849578857	259.0673484802246	0	10421	1.8875203767433435
75400	5389	0.7258260250091553	259.7932026386261	0	10325	1.9155844155844155
75600	4813	0.6546986103057861	260.44792580604553	0	9270	1.9256335687577897
75800	5406	0.7474651336669922	261.1954176425934	0	10188	1.884224153874607
76000	5766	0.812279462814331	262.0077304840088	0	10729	1.8604126929079243
76200	5844	0.9197227954864502	262.92748737335205	0	10966	1.8761334473909324
76400	5470	0.752744197845459	263.68026471138	0	10423	1.9051361725461524
76600	5708	0.7757172584533691	264.45600938796997	0	10737	1.8807146610614818
76800	5923	0.7917373180389404	265.2477774620056	0	11074	1.8693450371370695
77000	5503	0.7468781471252441	265.99468183517456	0	10557	1.9180595930232558
77200	5471	0.7460978031158447	266.74080991744995	0	10277	1.878106725146199
77400	5330	0.7254881858825684	267.4663281440735	0	10132	1.9005815044081786
77600	5438	0.7421789169311523	268.20853638648987	0	10319	1.8972237543666115
77800	5612	0.764758825302124	268.97332286834717	0	10792	1.922679494031712
78000	5726	0.7994093894958496	269.77275943756104	0	10741	1.8755020080321285
78200	5634	0.7955343723297119	270.5683250427246	0	10693	1.8976042590949422
78400	6050	0.840965747833252	271.4093210697174	0	11284	1.8648157329367048
78600	5554	0.7885074615478516	272.19786071777344	0	10463	1.8835283528352835
78800	5414	0.7518641948699951	272.9497563838959	0	10195	1.8827331486611265
79000	5920	0.8380546569824219	273.78784251213074	0	11130	1.8797500422225975
79200	5787	0.7975554466247559	274.5854301452637	0	10894	1.88217000691085
79400	5344	0.7421343326568604	275.32759857177734	0	10130	1.8952291861552852
79600	5317	0.7650885581970215	276.0927138328552	0	10208	1.9195186160210604
79800	5974	0.8176343441009521	276.9103786945343	0	11207	1.8756485355648536
80000	5153	0.6983926296234131	277.6087989807129	0	9852	1.9115250291036088
80200	5798	0.774489164352417	278.3833155632019	0	10802	1.862734954302466
80400	5345	0.7832553386688232	279.1665961742401	0	10193	1.9066591844369623
80600	4980	0.6871428489685059	279.8537657260895	0	9477	1.902629993977113
80800	6238	0.8627502918243408	280.71656131744385	0	11727	1.8796281455361437
81000	5734	0.800323486328125	281.51691699028015	0	10734	1.8716652136006975
81200	6209	0.8761990070343018	282.39314436912537	0	11441	1.8423510466988728
81400	4942	0.6784327030181885	283.0716073513031	0	9446	1.910985231640704
81600	5556	0.786780595779419	283.8584268093109	0	10526	1.8941875112470759
81800	5754	0.8264751434326172	284.684939622879	0	10830	1.8818418766290181
82000	5020	0.7100324630737305	285.3950035572052	0	9515	1.8950408285202152
82200	5678	0.7835392951965332	286.17857122421265	0	10717	1.8871280154956858
82400	5797	0.7799746990203857	286.9585757255554	0	10936	1.8861676440151776
82600	6222	0.8688802719116211	287.82748556137085	0	11506	1.8489474529969467
82800	5523	0.7778890132904053	288.60540556907654	0	10479	1.8969949312092687
83000	5634	0.7774620056152344	289.38290524482727	0	10556	1.8732919254658384
83200	5950	0.8409862518310547	290.22391843795776	0	11131	1.870441942530667
83400	5834	0.8079719543457031	291.0319194793701	0	11041	1.8922022279348758
83600	5479	0.7437236309051514	291.77566957473755	0	10367	1.8917883211678832
83800	5747	0.7868139743804932	292.5625112056732	0	10826	1.883437717466945
84000	5333	0.7938919067382812	293.3564341068268	0	10020	1.8785151856017999
84200	5670	0.7823195457458496	294.1387984752655	0	10705	1.8876741315464645
84400	5400	0.7464652061462402	294.88529205322266	0	10129	1.8753934456582115
84600	5516	0.7570009231567383	295.64231967926025	0	10476	1.898858075040783
84800	6314	0.8431696891784668	296.4855167865753	0	11766	1.8631828978622327
85000	6297	0.8434655666351318	297.3290123939514	0	11712	1.85963798031121
85200	5158	0.7230584621429443	298.05210280418396	0	9854	1.9100600891645667
85400	5748	0.8045504093170166	298.8566823005676	0	10948	1.9043311880327014
85600	5884	0.8264172077178955	299.68312788009644	0	11095	1.8853016142735768
85800	5564	0.7838082313537598	300.4669635295868	0	10587	1.9024258760107817
86000	6117	0.8563480377197266	301.32334566116333	0	11472	1.8751225890813992
86200	6079	0.8477237224578857	302.17109990119934	0	11299	1.8583881578947368
86400	6056	0.8595373630523682	303.03067231178284	0	11385	1.8796433878157504
86600	5870	0.7993724346160889	303.83007621765137	0	10923	1.860500766479305
86800	6164	0.8345293998718262	304.66464257240295	0	11501	1.8655312246553122
87000	5713	0.7677843570709229	305.4324562549591	0	10797	1.8895694784739236
87200	4992	0.6766054630279541	306.10909247398376	0	9461	1.894852793911476
87400	5758	0.789384126663208	306.89850211143494	0	10839	1.8820975863865255
87600	6032	0.8190805912017822	307.7176101207733	0	11239	1.8629206033482513
87800	5492	0.7402105331420898	308.4578516483307	0	10328	1.8802111778627344
88000	5487	0.7528109550476074	309.2106902599335	0	10330	1.8822886297376094
88200	5375	0.7332932949066162	309.94401383399963	0	10244	1.9055059523809523
88400	5750	0.7821094989776611	310.7261538505554	0	10723	1.8645452964701792
88600	5266	0.7077534198760986	311.4339368343353	0	9987	1.896145813556104
88800	5801	0.7776057720184326	312.21156644821167	0	10868	1.8731471906239228
89000	5381	0.729515552520752	312.94111013412476	0	10236	1.9018952062430323
89200	5686	0.7752883434295654	313.71642565727234	0	10689	1.8795498505363109
89400	6087	0.8278181552886963	314.5442810058594	0	11290	1.8544678055190538
89600	5673	0.7650327682495117	315.30934047698975	0	10696	1.8850898836799437
89800	5155	0.7030184268951416	316.01238799095154	0	9914	1.9228083785880528
90000	5360	0.7383127212524414	316.7507257461548	0	10293	1.9199776161163962
90200	5198	0.7523493766784668	317.50310254096985	0	9875	1.8994037314868244
90400	5496	0.7701663970947266	318.2732973098755	0	10322	1.8777515008186283
90600	6014	0.8152074813842773	319.0885329246521	0	11190	1.860349127182045
90800	4929	0.6792716979980469	319.7678322792053	0	9638	1.9549695740365112
91000	5720	0.7769360542297363	320.5447986125946	0	10827	1.8925013109596225
91200	5107	0.7028622627258301	321.2476918697357	0	9935	1.9449882537196554
91400	5285	0.7106544971466064	321.9583978652954	0	9986	1.8891411275066212
91600	5664	0.7410011291503906	322.69942569732666	0	10733	1.8946160635481024
91800	5400	0.7373795509338379	323.43685245513916	0	10205	1.8894649139048325
92000	5666	0.750241756439209	324.187123298645	0	10627	1.8752426327863068
92200	5770	0.7631490230560303	324.95030093193054	0	10774	1.8669208109513082
92400	5536	0.7259199619293213	325.67624735832214	0	10355	1.870146288603937
92600	5516	0.7224869728088379	326.3987605571747	0	10290	1.8651441000543774
92800	5074	0.6714572906494141	327.0702474117279	0	9753	1.9217733990147783
93000	5494	0.7240707874298096	327.7943449020386	0	10219	1.8596906278434941
93200	5276	0.6979846954345703	328.4923565387726	0	10145	1.9224938411976502
93400	5444	0.7087745666503906	329.2011573314667	0	10452	1.9195592286501377
93600	5298	0.6915121078491211	329.89269828796387	0	10004	1.8879033779958483
93800	5401	0.7089951038360596	330.6017210483551	0	10230	1.8937430581266197
94000	5838	0.7619960308074951	331.3637430667877	0	11001	1.8840554889535879
94200	5389	0.704669713973999	332.0684435367584	0	10206	1.8935064935064936
94400	5622	0.7313003540039062	332.79977440834045	0	10657	1.8952516450293437
94600	5249	0.6870994567871094	333.4869034290314	0	9991	1.903047619047619
94800	5248	0.6931102275848389	334.1800398826599	0	9984	1.902076586016384
95000	5550	0.7916429042816162	334.9717094898224	0	10357	1.865789947757161
95200	5058	0.6857657432556152	335.65750670433044	0	9650	1.907491599130263
95400	6050	0.8117976188659668	336.46933603286743	0	11364	1.878036688150719
95600	6212	0.839583158493042	337.3089473247528	0	11706	1.8841139546112988
95800	5428	0.7308712005615234	338.03984570503235	0	10366	1.9093755756124517
96000	5575	0.747913122177124	338.787789106369	0	10569	1.8954447632711622
96200	5495	0.739091157913208	339.5269114971161	0	10521	1.914301310043668
96400	5709	0.7742414474487305	340.30118203163147	0	10845	1.8992994746059544
96600	5442	0.7309310436248779	341.0321433544159	0	10296	1.8916038949108946
96800	5496	0.7350428104400635	341.7672162055969	0	10529	1.9154084045843187
97000	5494	0.7372264862060547	342.5044696331024	0	10429	1.8979071883530483
97200	5690	0.7774310111999512	343.2819278240204	0	10621	1.8662800913723423
97400	6044	0.8087010383605957	344.09065866470337	0	11123	1.8400330851943756
97600	5600	0.7815828323364258	344.8722667694092	0	10560	1.8853776111408678
97800	5890	0.8144867420196533	345.68678092956543	0	10940	1.8570701069427942
98000	5818	0.7887363433837891	346.47554421424866	0	10944	1.8807355215672796
98200	5586	0.7463476657867432	347.22191882133484	0	10494	1.8782888849114014
98400	5266	0.7109386920928955	347.93288826942444	0	10160	1.9289918359597493
98600	5638	0.7526910305023193	348.68560767173767	0	10536	1.868416385884022
98800	6004	0.7991442680358887	349.48478055000305	0	11118	1.8514571190674438
99000	6100	0.8155050277709961	350.3003125190735	0	11141	1.8260940829372234
99200	5736	0.7708401679992676	351.07117891311646	0	10667	1.8593341467666027
99400	5852	0.7804806232452393	351.85168743133545	0	10970	1.8742525200751752
99600	6152	0.8197741508483887	352.6714913845062	0	11442	1.8595806923451974
99800	5718	0.7669095993041992	353.4384322166443	0	10680	1.8674593460395175
100000	6364	0.8495514392852783	354.2880206108093	0	11670	1.833464257659073
100200	5680	0.7611298561096191	355.0491797924042	0	10685	1.8808308396409084
100400	5370	0.7216131687164307	355.770822763443	0	10131	1.8862409234779371
100600	5448	0.7319297790527344	356.50278210639954	0	10465	1.9205358781427786
100800	5269	0.7140262126922607	357.2168357372284	0	9971	1.8920303605313094
101000	5714	0.7650985717773438	357.98196148872375	0	10790	1.8880139982502187
101200	5823	0.779949426651001	358.7619390487671	0	10995	1.8878777472527473
101400	5457	0.7299778461456299	359.491947889328	0	10279	1.8832905826310005
101600	5721	0.7638344764709473	360.2558128833771	0	10793	1.886228591401608
101800	6092	0.8108916282653809	361.0667338371277	0	11387	1.868865911701953
102000	5312	0.7095558643341064	361.77631974220276	0	10245	1.9282891022021458
102200	6410	0.8459086418151855	362.62225675582886	0	11927	1.8603961940414913
102400	5756	0.7715418338775635	363.3938262462616	0	10781	1.8726767413583463
102600	5546	0.7433793544769287	364.13724303245544	0	10478	1.8889489814314044
102800	5560	0.7448351383209229	364.8821048736572	0	10641	1.9135047653299766
103000	5260	0.7069602012634277	365.58909583091736	0	10077	1.9154153202813153
103200	5750	0.7608237266540527	366.34994626045227	0	10687	1.8582855155625109
103400	6212	0.8183000087738037	367.16827750205994	0	11666	1.8776758409785932
103600	6112	0.8070030212402344	367.975310087204	0	11384	1.8622607557663995
103800	5538	0.7347164154052734	368.7100558280945	0	10490	1.8938436540891859
104000	5548	0.7399482727050781	369.4500343799591	0	10427	1.879077311227248
104200	6016	0.7987678050994873	370.2488329410553	0	11280	1.874688382915074
104400	5416	0.7333471775054932	370.982209444046	0	10174	1.8781613439172975
104600	5804	0.7796783447265625	371.761914730072	0	10980	1.8914728682170543
104800	5480	0.7369084358215332	372.4988520145416	0	10498	1.9153439153439153
105000	6226	0.8328220844268799	373.3317015171051	0	11670	1.8740966757668218
105200	5647	0.7619538307189941	374.09368538856506	0	10715	1.8971317280453257
105400	5590	0.7517960071563721	374.84551072120667	0	10600	1.895904131640136
105600	6188	0.8224763870239258	375.6680176258087	0	11480	1.8549038616900952
105800	5688	0.7590079307556152	376.42705965042114	0	10700	1.880822640182809
106000	5579	0.7463088035583496	377.17339849472046	0	10656	1.9096774193548387
106200	5662	0.759596586227417	377.93302512168884	0	10579	1.8680911177820942
106400	5385	0.7214779853820801	378.6545343399048	0	10169	1.8880430746379502
106600	5738	0.8254745006561279	379.48004055023193	0	10805	1.8827321833071964
106800	5670	0.761263370513916	380.24133229255676	0	10731	1.8922588608710986
107000	5892	0.7933108806610107	381.0346710681915	0	11091	1.882063465128118
107200	5476	0.7299749851226807	381.76467180252075	0	10466	1.9109001278071938
107400	6034	0.7909078598022461	382.5556049346924	0	11267	1.8669428334714167
107600	5156	0.6885957717895508	383.2442276477814	0	9780	1.8964514252472369
107800	6047	0.8090076446533203	384.0532624721527	0	11232	1.8571428571428572
108000	5656	0.7558770179748535	384.8091688156128	0	10510	1.8578751988686584
108200	5740	0.7659811973571777	385.5751750469208	0	10585	1.8437554433025605
108400	5682	0.7658488750457764	386.3410551548004	0	10668	1.8771775470702095
108600	5555	0.7481894493103027	387.0892713069916	0	10286	1.8513318934485241
108800	5518	0.7403368949890137	387.8296387195587	0	10147	1.8385577097300236
109000	5505	0.7394275665283203	388.56909370422363	0	10546	1.9153650563022158
109200	5484	0.7425353527069092	389.3116590976715	0	10253	1.8692798541476754
109400	5200	0.7017679214477539	390.0134572982788	0	10048	1.9319361661218997
109600	6188	0.8237638473510742	390.83725118637085	0	11462	1.8519954758442398
109800	5422	0.7285354137420654	391.5658233165741	0	10283	1.8961829245804904
110000	5472	0.7361640930175781	392.30201506614685	0	10375	1.8956696510140691
110200	5525	0.743293285369873	393.0453374385834	0	10498	1.8997466521896489
110400	6188	0.8242347240447998	393.8696014881134	0	11535	1.8637905962190984
110600	5864	0.7794678211212158	394.64909529685974	0	11022	1.8792838874680307
110800	5486	0.7339425086975098	395.38306975364685	0	10245	1.867140513942045
111000	5596	0.7518966197967529	396.13499665260315	0	10702	1.9120957655887083
111200	5640	0.7610301971435547	396.8960566520691	0	10695	1.8959404360928913
111400	5115	0.6897554397583008	397.58584094047546	0	9896	1.9343236903831118
111600	5580	0.7514750957489014	398.3373456001282	0	10630	1.904676581257839
111800	5644	0.7610185146331787	399.09839510917664	0	10644	1.8855624446412755
112000	5768	0.7800233364105225	399.8784487247467	0	10997	1.90622291558329
112200	5703	0.7721719741821289	400.650652885437	0	10632	1.8639551192145862
112400	5458	0.741131067276001	401.39180874824524	0	10370	1.8996153141601027
112600	5802	0.7821729183197021	402.1740126609802	0	10909	1.8798897122178184
112800	5550	0.7472653388977051	402.92130732536316	0	10389	1.8715546748333634
113000	5877	0.7839772701263428	403.7053155899048	0	11138	1.8948621980265397
113200	5704	0.7634830474853516	404.46882605552673	0	10729	1.8806310254163014
113400	5586	0.7488553524017334	405.2177107334137	0	10545	1.8874172185430464
113600	5600	0.7535824775695801	405.9713227748871	0	10576	1.8882342438850206
113800	5630	0.7564678192138672	406.72782588005066	0	10680	1.89664358018114
114000	5764	0.7882006168365479	407.5160539150238	0	10691	1.8544666088464874
114200	5421	0.7798380851745605	408.2959249019623	0	10239	1.8884175580966434
114400	5472	0.7689950466156006	409.0649495124817	0	10400	1.9002375296912113
114600	6004	0.8304219245910645	409.8953981399536	0	11339	1.8882597835137385
114800	5574	0.7910561561584473	410.6864809989929	0	10540	1.8905829596412556
115000	5664	0.8046023845672607	411.491112947464	0	10570	1.8658428949691086
115200	5180	0.7357826232910156	412.22692680358887	0	9792	1.889982628836132
115400	5752	0.8256809711456299	413.0526371002197	0	10766	1.8713714583695462
115600	5304	0.7394330501556396	413.79209637641907	0	10043	1.893119698397738
115800	5714	0.787848711013794	414.57997608184814	0	10858	1.899912510936133
116000	5712	0.8191192150115967	415.39912700653076	0	10820	1.8939261333800106
116200	5680	0.7999746799468994	416.1991355419159	0	10730	1.8887519802851611
116400	5934	0.7977428436279297	416.99690890312195	0	11157	1.879865206402696
116600	5525	0.7718245983123779	417.76875925064087	0	10490	1.8982989504162142
116800	4874	0.6867291927337646	418.4555208683014	0	9497	1.948102564102564
117000	5864	0.7961313724517822	419.25168323516846	0	10935	1.8644501278772379
117200	5920	0.8059906959533691	420.05770349502563	0	11244	1.899003546698193
117400	5832	0.8363497257232666	420.8940804004669	0	10954	1.8779358820504028
117600	5490	0.7393515110015869	421.6334595680237	0	10399	1.8938262611546166
117800	5458	0.7646050453186035	422.3980975151062	0	10421	1.9089576845576113
118000	5549	0.7630620002746582	423.16119027137756	0	10433	1.8798198198198197
118200	5637	0.7749125957489014	423.9361319541931	0	10740	1.904930826534232
118400	5764	0.7735762596130371	424.70973539352417	0	10751	1.8648742411101475
118600	5597	0.748445987701416	425.4582121372223	0	10594	1.8924615934262237
118800	4920	0.6881558895111084	426.14639830589294	0	9512	1.9329404592562487
119000	5943	0.821753740310669	426.96818113327026	0	11154	1.8765141318977119
119200	5540	0.8054049015045166	427.7736189365387	0	10539	1.9020032485110991
119400	5662	0.9579830169677734	428.73164081573486	0	10819	1.9104714815468833
119600	5804	1.3379206657409668	430.0695915222168	0	10971	1.889922480620155
119800	5972	0.8973164558410645	430.9669408798218	0	11321	1.8953624644232379
120000	5902	1.323063611984253	432.2900595664978	0	11138	1.8868372014230053
120200	6014	1.1037116050720215	433.3938207626343	0	11291	1.8771404821280133
120400	6003	0.8945193290710449	434.2883758544922	0	11187	1.8632578281145902
120600	6262	0.8417932987213135	435.13020515441895	0	11629	1.856777901963915
120800	5876	0.8230040073394775	435.95323610305786	0	10837	1.84396801088991
121000	5951	0.8105785846710205	436.76384568214417	0	11067	1.859375
121200	5772	0.7963955402374268	437.5602722167969	0	10765	1.8647150528321497
121400	4978	0.6731617450714111	438.2334644794464	0	9572	1.9224743924482828
121600	5915	0.8131287097930908	439.0466203689575	0	11266	1.9043272481406355
121800	5980	0.8263263702392578	439.8729729652405	0	11296	1.8886473833807056
122000	6144	0.8567445278167725	440.7297520637512	0	11575	1.8836452400325467
122200	4896	0.7263095378875732	441.45609164237976	0	9457	1.9311823565448234
122400	5362	0.7973132133483887	442.25343346595764	0	10238	1.909006153272422
122600	5512	0.8359224796295166	443.08939361572266	0	10466	1.8984219118447307
122800	5817	0.8011481761932373	443.89057755470276	0	10889	1.8716053626675833
123000	5324	0.7258553504943848	444.61646270751953	0	10235	1.9220657276995305
123200	6022	0.9733703136444092	445.5898759365082	0	11277	1.8723227627428192
123400	5632	0.8421342372894287	446.43204855918884	0	10458	1.8565595597372626
123600	6014	0.8714625835418701	447.3035418987274	0	11253	1.8708229426433916
123800	5362	0.7526581287384033	448.05622959136963	0	10192	1.900428864441544
124000	5769	0.7799696922302246	448.83622574806213	0	10868	1.8835355285961872
124200	6296	0.9001619815826416	449.73641538619995	0	11615	1.8445291408607274
124400	5526	0.7614145278930664	450.4978652000427	0	10424	1.8860141125384475
124600	4988	0.7155551910400391	451.213458776474	0	9469	1.8979755462016437
124800	4892	0.6947216987609863	451.90820837020874	0	9438	1.928877988963826
125000	5396	0.7555007934570312	452.6637370586395	0	10184	1.8869742449508986
125200	5726	0.783886194229126	453.44765305519104	0	10713	1.8706128863279203
125400	5437	0.75583815574646	454.2035241127014	0	10351	1.9034571533652078
125600	5780	0.825441837310791	455.0289943218231	0	10879	1.8818543504583982
125800	5580	0.8104979991912842	455.8395218849182	0	10472	1.8763662426088514
126000	5957	0.8206665515899658	456.6602203845978	0	11157	1.8726082578046324
126200	5608	0.8396046161651611	457.4998526573181	0	10462	1.8652166161526118
126400	5594	0.7726845741271973	458.272567987442	0	10530	1.8820375335120643
126600	5421	0.7684807777404785	459.04107427597046	0	10264	1.8930284028033937
126800	6385	0.9035441875457764	459.9446563720703	0	11873	1.8592233009708738
127000	5272	0.712388277053833	460.6570723056793	0	9846	1.8672482457803907
127200	5463	0.7424335479736328	461.3995358943939	0	10285	1.882320644216691
127400	5272	0.7091414928436279	462.10870456695557	0	9948	1.8865920728238195
127600	6154	0.8369755744934082	462.9457094669342	0	11529	1.8731112916328188
127800	6120	0.8422861099243164	463.7880263328552	0	11311	1.8479006698251919
128000	5420	0.7373316287994385	464.5253894329071	0	10306	1.9011252536432393
128200	5920	0.8009586334228516	465.326375246048	0	11138	1.881101165343692
128400	5934	0.8235976696014404	466.15000081062317	0	11052	1.862173546756529
128600	6034	0.8119566440582275	466.9619879722595	0	11166	1.8502071251035626
128800	5687	0.8071339130401611	467.7691512107849	0	10818	1.9018987341772151
129000	5484	0.7745904922485352	468.5437731742859	0	10441	1.9035551504102097
129200	5501	0.7834336757659912	469.3272342681885	0	10461	1.901308615049073
129400	5958	0.8405179977416992	470.1677784919739	0	11299	1.8961235106561503
129600	5806	0.8209962844848633	470.98880672454834	0	11141	1.9185465817117273
129800	5718	0.7761437892913818	471.7649791240692	0	10721	1.8746284315439763
130000	5124	0.7187883853912354	472.4837980270386	0	9803	1.912780487804878
130200	5640	0.8064377307891846	473.2902641296387	0	10822	1.9184541747917037
130400	6184	0.9132823944091797	474.2035758495331	0	11470	1.8544866612772837
130600	5650	0.7796404361724854	474.9832441806793	0	10726	1.8980711378517077
130800	6318	0.8665351867675781	475.84980964660645	0	11712	1.8534578256053174
131000	6018	0.8393194675445557	476.6891596317291	0	11227	1.8652600099684333
131200	5244	0.7193746566772461	477.4085645675659	0	10265	1.9571020019065777
131400	5628	0.7728254795074463	478.18141770362854	0	10691	1.8992716290637768
131600	5390	0.7353553771972656	478.9168074131012	0	10259	1.9029864589130032
131800	5708	0.804779052734375	479.72161316871643	0	10618	1.859870380101594
132000	5412	0.731008768081665	480.4526493549347	0	10294	1.9017180860890448
132200	5501	0.7427732944488525	481.1954505443573	0	10304	1.8727735368956744
132400	6073	0.8313965797424316	482.0268747806549	0	11446	1.884425419822193
132600	5504	0.7496786117553711	482.7765836715698	0	10402	1.8895549500454132
132800	5716	0.7967934608459473	483.57340717315674	0	10849	1.897673605037607
133000	5580	0.7738792896270752	484.3473312854767	0	10461	1.8743952696649346
133200	5604	0.748805046081543	485.0961649417877	0	10547	1.8817127564674399
133400	5786	0.7763817310333252	485.87257647514343	0	10969	1.8954553309141178
133600	5792	0.793806791305542	486.66641879081726	0	11023	1.9028137407215604
133800	5556	0.7691817283630371	487.43563866615295	0	10622	1.9114630196149
134000	5462	0.8843276500701904	488.3199939727783	0	10431	1.9093904448105437
134200	5196	0.7707467079162598	489.0907680988312	0	9885	1.902058880123148
134400	5804	0.8811922073364258	489.97200059890747	0	10779	1.8568475452196382
134600	5410	0.7670912742614746	490.7391264438629	0	10226	1.8898540011088523
134800	4960	0.6839914321899414	491.42314529418945	0	9472	1.9092924813545655
135000	5588	0.7768027782440186	492.1999752521515	0	10499	1.878511361603149
135200	5670	0.7928128242492676	492.99281764030457	0	10742	1.8941985540469053
135400	5358	0.7460265159606934	493.7388799190521	0	10193	1.9020339615599926
135600	5939	0.8058907985687256	494.5447974205017	0	11212	1.8875420875420876
135800	5435	0.7314939498901367	495.27632236480713	0	10278	1.890728476821192
136000	6143	0.8498179912567139	496.12617325782776	0	11460	1.865234375
136200	5728	0.7888803482055664	496.91508078575134	0	10783	1.8821783906440914
136400	5480	0.8286886215209961	497.74379682540894	0	10389	1.8954570333880678
136600	5228	0.8357579708099365	498.57959485054016	0	9903	1.8938611589213998
136800	5694	0.8329465389251709	499.41256952285767	0	10653	1.8705882352941177
137000	5482	0.7850992679595947	500.19770073890686	0	10379	1.892941820171439
137200	5908	0.8828353881835938	501.08056807518005	0	11057	1.8712134032831274
137400	4914	0.7114369869232178	501.7920410633087	0	9415	1.9155645981688707
137600	5636	0.8027143478393555	502.59479117393494	0	10600	1.8804328543551534
137800	5721	0.7823622226715088	503.3771860599518	0	10713	1.8722474659210067
138000	5582	0.7453749179840088	504.122590303421	0	10549	1.8894859394590722
138200	5900	0.7758817672729492	504.89849758148193	0	11077	1.8771394678867988
138400	5432	0.728104829788208	505.62662959098816	0	10220	1.8810969998159397
138600	5956	0.8437211513519287	506.47038102149963	0	11149	1.8715796541883498
138800	5514	0.7215194702148438	507.1919267177582	0	10399	1.88558476881233
139000	5704	0.757439374923706	507.9493932723999	0	10733	1.8813321647677477
139200	5712	0.7519404888153076	508.7013626098633	0	10749	1.8814983371258533
139400	5912	0.7840085029602051	509.48540115356445	0	11138	1.8836462032809065
139600	5402	0.7129898071289062	510.1984176635742	0	10415	1.9276327965944846
139800	6346	0.9896206855773926	511.1880741119385	0	11736	1.8490625492358594
140000	5658	0.8121204376220703	512.0002329349518	0	10615	1.875773104788832
140200	5654	0.8054294586181641	512.8056950569153	0	10675	1.887709991158267
140400	5816	0.8382289409637451	513.643960237503	0	10885	1.8712394705174489
140600	5458	0.7285683155059814	514.3725559711456	0	10217	1.8715882029675766
140800	5814	0.8239796161651611	515.1965653896332	0	10852	1.866208082545142
141000	5806	0.8020434379577637	515.998636007309	0	10945	1.8847942138798002
141200	5470	0.8444771766662598	516.8431398868561	0	10284	1.8797294827271065
141400	5736	0.783623456954956	517.626795053482	0	10794	1.8814711521701237
141600	5228	0.8354878425598145	518.4623110294342	0	10002	1.912794033275961
141800	6127	0.8993039131164551	519.3616421222687	0	11549	1.8846279373368147
142000	6052	0.9335610866546631	520.2952363491058	0	11425	1.88749380472493
142200	5375	0.8553316593170166	521.1505961418152	0	10151	1.8882068452380953
142400	5624	0.841616153717041	521.9922482967377	0	10591	1.8828444444444445
142600	5206	0.6887173652648926	522.6809957027435	0	9854	1.892452467831765
142800	5902	0.8432497978210449	523.524275302887	0	10951	1.8551583940369303
143000	5424	0.8180370330810547	524.3423464298248	0	10328	1.903778801843318
143200	5724	0.8491365909576416	525.1915078163147	0	10724	1.8731877729257642
143400	5984	0.793867826461792	525.9854025840759	0	11136	1.8606516290726818
143600	5674	0.947929859161377	526.9333639144897	0	10823	1.907136563876652
143800	5208	0.8791217803955078	527.8125321865082	0	9956	1.9113073526588598
144000	5808	0.9096169471740723	528.7221894264221	0	10916	1.8791530383887072
144200	5566	0.9097957611083984	529.6320314407349	0	10527	1.8909646128974313
144400	5120	0.7978525161743164	530.429913520813	0	9852	1.923842999414177
144600	5580	0.9984297752380371	531.4283890724182	0	10583	1.896255151406558
144800	5234	0.8169536590576172	532.2453832626343	0	10121	1.9333333333333333
145000	5492	0.8083727359771729	533.0537831783295	0	10472	1.9064263608228655
145200	5588	0.8070194721221924	533.860847234726	0	10771	1.9271783861155842
145400	5480	0.7389922142028809	534.5998673439026	0	10236	1.8675424192665573
145600	5328	0.8187277317047119	535.41863322258	0	10102	1.8956652279977482
145800	5574	0.9657289981842041	536.384402513504	0	10610	1.9031390134529147
146000	5470	0.778841495513916	537.1632747650146	0	10397	1.9003838420764028
146200	5540	0.7847139835357666	537.9480230808258	0	10475	1.8904529868254827
146400	5522	0.769038200378418	538.7170889377594	0	10645	1.9273945319572696
146600	5460	0.8033707141876221	539.5204966068268	0	10322	1.890130012818165
146800	6198	0.914046049118042	540.4345808029175	0	11509	1.8565897725439586
147000	5482	0.7823960781097412	541.2170209884644	0	10474	1.9102681014043408
147200	5762	0.7518656253814697	541.9689135551453	0	10803	1.8745445080687142
147400	5182	0.7889695167541504	542.7579135894775	0	9756	1.882307543893498
147600	5593	0.8165793418884277	543.5745241641998	0	10690	1.9109760457633178
147800	5154	0.8911597728729248	544.4657261371613	0	9802	1.901454898157129
148000	5572	1.1044442653656006	545.570209980011	0	10533	1.890005383097075
148200	5690	0.9198858737945557	546.4901356697083	0	10684	1.8773502020734494
148400	5716	0.9242467880249023	547.4144232273102	0	10752	1.8807066643344412
148600	6005	0.9013960361480713	548.3158631324768	0	11268	1.876123876123876
148800	5466	0.850989818572998	549.1668946743011	0	10405	1.9032376074629596
149000	5648	0.893002986907959	550.0599255561829	0	10657	1.8865285891308197
149200	5646	0.7761054039001465	550.8360629081726	0	10535	1.8655923499203118
149400	5056	0.8522686958312988	551.6883645057678	0	9672	1.9125964010282777
149600	5220	0.8350274562835693	552.523430109024	0	9904	1.896954606397242
149800	5568	0.7860045433044434	553.309476852417	0	10633	1.9093194469384092
150000	5211	0.7795360088348389	554.0890469551086	0	9915	1.9023407521105142
150200	5402	0.7285077571868896	554.8175830841064	0	10326	1.9111604664075514
150400	5224	0.7891366481781006	555.6067488193512	0	9859	1.88688995215311
150600	5602	0.8765387535095215	556.4833199977875	0	10459	1.866678565054435
150800	5150	0.7425088882446289	557.2258665561676	0	9763	1.895360124247719
151000	5260	0.8998174667358398	558.125714302063	0	10079	1.9157954761452196
151200	6396	1.0481491088867188	559.173900604248	0	11804	1.8452399562294826
151400	5431	0.7965552806854248	559.9704916477203	0	10277	1.8919366715758468
151600	5866	0.8880660533905029	560.8585929870605	0	10949	1.866200784046361
151800	5742	0.8124556541442871	561.6710760593414	0	10828	1.885425735678217
152000	6152	0.8098850250244141	562.480988740921	0	11449	1.8607183487729564
152200	5743	0.8606359958648682	563.3416554927826	0	10815	1.8828342618384402
152400	5468	0.7772550582885742	564.1189482212067	0	10223	1.869263119400256
152600	5634	0.8090133666992188	564.9279932975769	0	10717	1.9018633540372671
152800	5484	0.7835054397583008	565.7115378379822	0	10328	1.8829535095715588
153000	5672	0.763967752456665	566.4755396842957	0	10775	1.8993477877666138
153200	5148	0.7889986038208008	567.2645692825317	0	9912	1.925033987181977
153400	5916	0.9239370822906494	568.188538312912	0	11052	1.8678384316376542
153600	5168	0.8493971824645996	569.0379691123962	0	9816	1.8990133488102148
153800	5120	0.8247497081756592	569.8627696037292	0	9812	1.9160320249951182
154000	5548	0.8292140960693359	570.6920163631439	0	10545	1.9003424040367634
154200	6329	0.9212377071380615	571.6132884025574	0	11683	1.8456556082148499
154400	5622	0.7975594997406006	572.4108748435974	0	10482	1.8641294682553797
154600	5094	0.7171449661254883	573.1280505657196	0	9870	1.9371933267909716
154800	5967	0.8320038318634033	573.9600901603699	0	11184	1.873994638069705
155000	5456	0.7136030197143555	574.6737225055695	0	10368	1.8999450247388676
155200	5724	0.7475941181182861	575.4213428497314	0	10805	1.8873362445414847
155400	5234	0.7706670761108398	576.1920392513275	0	10055	1.9207258834766
155600	6026	0.813645601272583	577.0057153701782	0	11281	1.871743819479011
155800	5955	0.8595917224884033	577.8653328418732	0	11229	1.8853257219610478
156000	5242	0.853557825088501	578.7189197540283	0	9975	1.9025367156208277
156200	5350	0.7951476573944092	579.5140986442566	0	10154	1.8975892356568866
156400	5718	0.840324878692627	580.3544607162476	0	10636	1.859765693303025
156600	5232	0.8165185451507568	581.171010017395	0	9920	1.8956621440856105
156800	5220	0.7947821617126465	581.9658234119415	0	9857	1.8879524995211645
157000	5502	0.745377779006958	582.7112362384796	0	10389	1.8878793385426131
157200	5403	0.810640811920166	583.5219085216522	0	10303	1.9065507031828275
157400	5594	0.870145320892334	584.3920907974243	0	10453	1.8682752457551386
157600	5626	0.7959980964660645	585.18812251091	0	10652	1.8930158165985427
157800	5224	0.7789595127105713	585.9671120643616	0	9985	1.9110047846889953
158000	5254	0.7569541931152344	586.7240927219391	0	10014	1.9056137012369172
158200	5433	0.8141758441925049	587.5382995605469	0	10289	1.8934486566065514
158400	5333	0.7673563957214355	588.3056902885437	0	9951	1.8655793025871765
158600	5588	0.7428152561187744	589.0485389232635	0	10649	1.9053497942386832
158800	5687	0.7473020553588867	589.7958741188049	0	10763	1.8922292545710266
159000	5088	0.6750690937042236	590.4709725379944	0	9962	1.9575555118883867
159200	5632	0.7492985725402832	591.2202973365784	0	10634	1.8878040120717203
159400	5850	0.8928768634796143	592.1132071018219	0	10804	1.846521962057768
159600	5780	0.8688981533050537	592.9821329116821	0	10976	1.8986334544196506
159800	6312	0.9319908618927002	593.9141507148743	0	11702	1.8536353556153968
160000	6160	0.8584249019622803	594.7726027965546	0	11630	1.887680571335822
160200	5170	0.8067898750305176	595.5794236660004	0	9863	1.9073680139238058
160400	5146	0.8180997371673584	596.3975746631622	0	9904	1.924227705459491
160600	5874	0.8803303241729736	597.2779331207275	0	10938	1.8617872340425532
160800	5086	0.7389883995056152	598.0169584751129	0	9812	1.928838215057991
161000	5652	0.9111685752868652	598.9281630516052	0	10596	1.8744029718733415
161200	5742	0.8374044895172119	599.7655966281891	0	10942	1.9052759881594985
161400	5500	0.7645173072814941	600.5301506519318	0	10399	1.8903835666242501
161600	5589	0.7467563152313232	601.2769374847412	0	10731	1.9196779964221824
161800	6058	0.7906641960144043	602.0676276683807	0	11372	1.8768773725037136
162000	5378	0.7214205265045166	602.7890746593475	0	10131	1.883435582822086
162200	5392	0.7103714942932129	603.4994759559631	0	10315	1.9126645651770815
162400	5558	0.7304723262786865	604.2299721240997	0	10486	1.8863104874977514
162600	5352	0.7027430534362793	604.9327435493469	0	10183	1.902297776947506
162800	4932	0.6593549251556396	605.5921266078949	0	9600	1.946077437664707
163000	6222	0.8088128566741943	606.4009652137756	0	11780	1.8929776635063473
163200	5658	0.7405502796173096	607.1415410041809	0	10605	1.8740060081286447
163400	5803	0.755387544631958	607.896959066391	0	10711	1.8454514128187456
163600	5278	0.6942541599273682	608.5912456512451	0	10121	1.9172191702974049
163800	5630	0.7570843696594238	609.3483583927155	0	10618	1.885633102468478
164000	5535	0.7406487464904785	610.0890371799469	0	10419	1.8820447976878614
164200	6248	0.90716552734375	610.996232509613	0	11691	1.870859337493999
164400	5776	0.8071916103363037	611.8034551143646	0	10838	1.8760602388783105
164600	5620	0.8242554664611816	612.627739906311	0	10634	1.8918341932040563
164800	5744	0.7975726127624512	613.4253404140472	0	10761	1.873107049608355
165000	5841	0.848313570022583	614.2736802101135	0	10969	1.8776104073947277
165200	5712	0.9054419994354248	615.1791524887085	0	10871	1.9028531419569403
165400	5978	0.8645191192626953	616.0437068939209	0	11300	1.8899481518648604
165600	5480	0.7926509380340576	616.836389541626	0	10489	1.9137018792191205
165800	5470	0.7864744663238525	617.622889995575	0	10219	1.8678486565527326
166000	5728	0.7625386714935303	618.3854563236237	0	10870	1.8973642869610752
166200	6124	0.860846996307373	619.246330499649	0	11572	1.8893061224489796
166400	4970	0.7543938159942627	620.0007512569427	0	9492	1.9094749547374774
166600	5811	0.8125617504119873	620.8133594989777	0	10856	1.8678596008258774
166800	5590	0.7801988124847412	621.5935916900635	0	10448	1.8687175818279378
167000	6050	0.9697964191436768	622.563417673111	0	11253	1.859692612791274
167200	5250	0.7824571132659912	623.3459165096283	0	10031	1.9103027994667683
167400	5911	0.9050331115722656	624.2509763240814	0	11126	1.881935047361299
167600	5598	0.8578231334686279	625.1088314056396	0	10678	1.9071262725486695
167800	5458	0.8351447582244873	625.9440152645111	0	10300	1.8867924528301887
168000	5696	0.8926284313201904	626.8366730213165	0	10757	1.888186764964016
168200	5510	0.7742395401000977	627.6109445095062	0	10469	1.8996552349845763
168400	5834	0.8345584869384766	628.4455361366272	0	11080	1.898886032562125
168600	5345	0.8116891384124756	629.2572619915009	0	10110	1.8911335578002244
168800	5844	0.7854404449462891	630.0427315235138	0	10976	1.8778443113772456
169000	6010	0.7958261966705322	630.8385920524597	0	11306	1.8808850440858427
169200	5820	0.8076086044311523	631.6462275981903	0	10874	1.868063906545267
169400	6620	0.9384934902191162	632.5847465991974	0	12295	1.8569702461863766
169600	5227	0.7105507850646973	633.2953321933746	0	9983	1.9095256312165263
169800	6110	0.8416585922241211	634.1370179653168	0	11311	1.8509245622647685
170000	5816	1.0971920490264893	635.2342405319214	0	10990	1.8892900120336944
170200	5992	0.9650804996490479	636.1993689537048	0	11173	1.8643417320206908
170400	6206	1.1492455005645752	637.348649263382	0	11582	1.8659577895923958
170600	5822	0.9411666393280029	638.2898545265198	0	11082	1.9031427099433282
170800	5724	0.7929587364196777	639.0828409194946	0	10658	1.8616593886462882
171000	5376	0.8423957824707031	639.9252676963806	0	10175	1.892319137065278
171200	5650	0.8480961322784424	640.7733929157257	0	10588	1.873650681295346
171400	5894	0.8802947998046875	641.6537244319916	0	10982	1.8629346904156066
171600	5594	0.7718634605407715	642.4256136417389	0	10710	1.9142091152815013
171800	5460	0.7620601654052734	643.1877024173737	0	10392	1.9029481779893793
172000	5904	0.8926186561584473	644.0803551673889	0	11091	1.8782387806943268
172200	6106	0.9070611000061035	644.9874773025513	0	11494	1.882102505321762
172400	5478	0.7462530136108398	645.7337596416473	0	10392	1.8966964774593904
172600	4714	0.6440596580505371	646.3778457641602	0	9276	1.967338282078473
172800	5298	0.7314531803131104	647.1093282699585	0	9994	1.8860162294772598
173000	5614	0.7954111099243164	647.9047677516937	0	10687	1.903294746215494
173200	5573	1.0109367370605469	648.9157385826111	0	10625	1.9061715105848582
173400	5540	0.9575443267822266	649.8733336925507	0	10491	1.893340552246887
173600	5819	1.058182716369629	650.9315536022186	0	10989	1.8881443298969072
173800	5182	0.759087324142456	651.6906700134277	0	9959	1.9214740497781209
174000	5746	0.807720422744751	652.4984159469604	0	10885	1.8940316686967114
174200	5946	1.1499226093292236	653.6483829021454	0	11028	1.8543803598453001
174400	5918	1.0114014148712158	654.659824848175	0	11072	1.8705862476769726
174600	5300	0.9077987670898438	655.5676627159119	0	9968	1.8803999245425391
174800	5652	0.8878750801086426	656.4555733203888	0	10677	1.8887316469131434
175000	6006	0.9038023948669434	657.3594138622284	0	11177	1.8606625603462628
175200	5700	0.8169186115264893	658.176370382309	0	10761	1.887563585335906
175400	5532	0.7329742908477783	658.9093723297119	0	10576	1.9114404482197722
175600	5752	0.8280632495880127	659.7374668121338	0	10972	1.9071788632018079
175800	5568	1.0392563343048096	660.7767715454102	0	10496	1.884718980068235
176000	5470	0.9368603229522705	661.7136685848236	0	10516	1.9221348930725644
176200	5360	0.8351616859436035	662.5488629341125	0	10093	1.8826711434433874
176400	5642	0.7662885189056396	663.3151850700378	0	10791	1.912280701754386
176600	5404	0.7579391002655029	664.0731523036957	0	10270	1.9000925069380203
176800	6600	0.9367656707763672	665.0099453926086	0	12168	1.8433570671110437
177000	5418	0.889824628829956	665.8998048305511	0	10266	1.8944454696438457
177200	5603	1.0159063339233398	666.915780544281	0	10618	1.8947180585296217
177400	5414	0.8226873874664307	667.7384943962097	0	10146	1.8736842105263158
177600	5812	0.8775796890258789	668.6161017417908	0	10860	1.868226389127817
177800	5678	0.8932633399963379	669.5093929767609	0	10662	1.8774432118330693
178000	6462	0.9279162883758545	670.4373428821564	0	11981	1.8537830728763731
178200	5110	0.785179853439331	671.2225563526154	0	9870	1.9311289375855998
178400	5910	0.85103440284729	672.0736169815063	0	11046	1.8687193368296398
178600	6054	0.7925758361816406	672.8662197589874	0	11241	1.8564822460776218
178800	5950	0.8367457389831543	673.70299243927	0	11135	1.8711140984708452
179000	5580	0.740405797958374	674.4434309005737	0	10734	1.9233112345457803
179200	6462	0.849905252456665	675.2933700084686	0	11912	1.8431069162927434
179400	6221	0.9159650802612305	676.2093646526337	0	11740	1.8868531018964962
179600	5854	0.8259298801422119	677.0353336334229	0	11041	1.885738684884714
179800	6128	0.9112203121185303	677.9465899467468	0	11566	1.8870941426007506
180000	5688	0.8105337619781494	678.7571516036987	0	10839	1.9052557567235016
180200	5609	0.7489674091339111	679.5061531066895	0	10640	1.896613190730838
180400	5478	0.770890474319458	680.2770719528198	0	10372	1.8930461763095456
180600	5434	0.82552170753479	681.1026198863983	0	10185	1.873965041398344
180800	6110	0.8524718284606934	681.9551277160645	0	11399	1.8653248240877107
181000	5979	0.8305160999298096	682.785670042038	0	11135	1.8620401337792643
181200	6134	0.8133039474487305	683.5990002155304	0	11418	1.861124694376528
181400	5570	0.7694640159606934	684.368490934372	0	10563	1.8960689283791061
181600	6352	0.8246860504150391	685.1932027339935	0	11930	1.8778529828427515
181800	5540	0.7416167259216309	685.9348483085632	0	10509	1.8965890633459663
182000	5252	0.8401362895965576	686.7750151157379	0	10081	1.919093851132686
182200	5780	0.8675518035888672	687.6425976753235	0	10898	1.8851409790693652
182400	6253	0.8516554832458496	688.4942834377289	0	11688	1.8688839142948512
182600	5740	0.8110110759735107	689.3053267002106	0	10805	1.8820762933286883
182800	6052	0.9248621463775635	690.2302360534668	0	11372	1.8787378159590287
183000	5564	0.8926925659179688	691.122962474823	0	10548	1.8954177897574125
183200	5542	0.8168818950653076	691.9398765563965	0	10372	1.8711888868843587
183400	6028	0.892956018447876	692.832859992981	0	11273	1.8697959860673412
183600	6804	1.1509063243865967	693.9838049411774	0	12541	1.8429096252755326
183800	5454	0.9290173053741455	694.9128563404083	0	10221	1.8736938588450962
184000	6110	0.8826615810394287	695.7955572605133	0	11309	1.8505972835869744
184200	5730	0.8382997512817383	696.6338887214661	0	10897	1.9014133659047288
184400	5529	0.9441976547241211	697.5781321525574	0	10372	1.8755877034358046
184600	4852	0.7050032615661621	698.2831935882568	0	9261	1.9083041417679785
184800	5644	0.7583534717559814	699.0415735244751	0	10640	1.8848538529672276
185000	5316	0.8452694416046143	699.8868696689606	0	10140	1.9070904645476772
185200	5350	0.8605809211730957	700.7474834918976	0	10153	1.897402354700056
185400	5540	0.8215749263763428	701.5690944194794	0	10310	1.8606749684172532
185600	6049	0.9843380451202393	702.5534660816193	0	11346	1.8753719008264462
185800	5606	0.811098575592041	703.3646011352539	0	10573	1.8856786160156946
186000	5718	0.9031996726989746	704.267828464508	0	10730	1.876202133240077
186200	5902	0.8603451251983643	705.1282007694244	0	10983	1.8605793664238524
186400	5524	0.7693405151367188	705.8975698947906	0	10501	1.900633484162896
186600	6078	0.8191900253295898	706.7167866230011	0	11514	1.8940615232768547
186800	6194	0.9174656867980957	707.6342785358429	0	11590	1.870863599677159
187000	5758	0.8204789161682129	708.4547874927521	0	10819	1.8786247612432714
187200	5278	0.754094123840332	709.2089099884033	0	10009	1.8960030308770601
187400	5752	0.797745943069458	710.0066866874695	0	10706	1.8609421171562663
187600	5108	0.6786324977874756	710.6853485107422	0	9779	1.91407320414954
187800	5620	0.7480733394622803	711.4334480762482	0	10602	1.8861412560042696
188000	5300	0.7251274585723877	712.1586081981659	0	10009	1.8881343142803244
188200	5760	0.8099796772003174	712.9686162471771	0	10829	1.879708383961118
188400	5328	0.8208425045013428	713.789487361908	0	10251	1.9236254456746107
188600	5744	0.9055862426757812	714.6951005458832	0	10665	1.8563968668407311
188800	5675	0.7576496601104736	715.4527838230133	0	10594	1.8664552501761804
189000	6064	0.863344669342041	716.3161551952362	0	11359	1.8728771640560593
189200	5456	0.8797683715820312	717.1959497928619	0	10274	1.882719442917354
189400	5348	0.9133784770965576	718.1093642711639	0	10226	1.9117592073284726
189600	5190	1.24936842918396	719.3587720394135	0	9825	1.8926989019456752
189800	6442	1.4056541919708252	720.7644755840302	0	11917	1.849604221635884
190000	5426	1.023378610610962	721.7878971099854	0	10193	1.8782015846692464
190200	5570	0.8147168159484863	722.6026523113251	0	10654	1.9124035182193502
190400	5046	0.6784658432006836	723.2811555862427	0	9588	1.8997424212403409
190600	4992	0.6619472503662109	723.9431307315826	0	9618	1.9262968155417584
190800	5474	0.7537965774536133	724.6969554424286	0	10444	1.9075799086757992
191000	5382	0.7476692199707031	725.4446537494659	0	10364	1.9253204532788408
191200	5588	0.9591333866119385	726.4038200378418	0	10511	1.8806584362139918
191400	5582	0.8780081272125244	727.2818608283997	0	10479	1.876947877485223
191600	5774	0.8431172370910645	728.1250126361847	0	11022	1.9085714285714286
191800	5434	0.7752015590667725	728.9002516269684	0	10282	1.8918123275068996
192000	5126	0.7570803165435791	729.6573669910431	0	9770	1.9055978154866393
192200	5410	0.773662805557251	730.431060552597	0	10383	1.918868970615413
192400	5604	0.8690309524536133	731.3001217842102	0	10504	1.8740410347903658
192600	5876	0.8162271976470947	732.116382598877	0	10889	1.8528160626169814
192800	5558	0.7744510173797607	732.8908641338348	0	10424	1.8751574024105055
193000	5882	0.7885010242462158	733.6793937683105	0	10961	1.863165051844297
193200	5650	0.8158595561981201	734.4952802658081	0	10740	1.9005485754733675
193400	5545	0.9961810111999512	735.491498708725	0	10449	1.8840605842048324
193600	6312	1.4245669841766357	736.9161121845245	0	11807	1.8702677015681926
193800	6064	1.229816198348999	738.1459715366364	0	11321	1.8666117065127783
194000	5784	1.0074830055236816	739.153489112854	0	10904	1.8848746758859118
194200	5482	0.7884559631347656	739.941978931427	0	10470	1.9095385737734816
194400	5862	0.7986123561859131	740.7406198978424	0	10963	1.8698618454716016
194600	5328	0.7186157703399658	741.4592709541321	0	10113	1.8977294051416775
194800	5990	0.871187686920166	742.3304877281189	0	11170	1.8644633617092305
195000	5218	0.7754545211791992	743.1060009002686	0	10041	1.923931787698793
195200	5590	0.7536149024963379	743.8596408367157	0	10508	1.8794491146485424
195400	5648	0.7562928199768066	744.6159632205963	0	10719	1.8975039830058418
195600	5872	0.785761833190918	745.401752948761	0	11100	1.8900051081219138
195800	5896	0.9077417850494385	746.3095231056213	0	10976	1.8612853993556044
196000	5354	0.7940592765808105	747.1036169528961	0	10224	1.9092436974789917
196200	6096	0.8670694828033447	747.9707200527191	0	11391	1.8682958832212564
196400	5509	0.7633218765258789	748.7340726852417	0	10368	1.8816696914700544
196600	6218	0.8329675197601318	749.5670676231384	0	11536	1.85496060459881
196800	5999	0.843513011932373	750.4106111526489	0	11182	1.8636666666666666
197000	6108	0.9437253475189209	751.3543643951416	0	11393	1.8649533475200524
197200	6098	1.0795953273773193	752.4339916706085	0	11399	1.8689949171995408
197400	5376	1.0486986637115479	753.4827306270599	0	10314	1.918169983262042
197600	5516	1.0858726501464844	754.568644285202	0	10502	1.9035707812216784
197800	5490	1.1081781387329102	755.6768689155579	0	10493	1.9109451830267712
198000	5700	1.205855369567871	756.8827617168427	0	10720	1.8803718645851606
198200	5552	1.0477573871612549	757.9305620193481	0	10626	1.9135602377093464
198400	5398	1.0504059791564941	758.9810092449188	0	10160	1.8818299685126876
198600	5354	0.9721086025238037	759.9531631469727	0	10288	1.9211951447245565
198800	6442	1.1860923767089844	761.1392920017242	0	12160	1.8873195716281235
199000	5684	0.9993691444396973	762.1387023925781	0	10645	1.8724714160070361
199200	5248	0.8897504806518555	763.028491973877	0	10115	1.9270337207087065
199400	6359	1.0695784091949463	764.0981101989746	0	11741	1.8460691823899371
199600	5344	0.8637895584106445	764.961948633194	0	10097	1.8890551917680074
199800	5936	1.1008656024932861	766.0628485679626	0	11142	1.8767054067710964
