#Interval	Step nums	Times	Abs time	Breaks	Pos nums	Pos ratio
200	2989	0.3425898551940918	0.3426220417022705	0	8196	2.7411371237458195
400	3405	0.3909876346588135	0.7336111068725586	0	9248	2.715208455666471
600	3277	0.3752260208129883	1.1088378429412842	0	8679	2.6476510067114094
800	3140	0.3629415035247803	1.471780776977539	0	8364	2.6628462273161415
1000	3634	0.41832923889160156	1.8901116847991943	0	9293	2.5565337001375514
1200	3876	0.44557976722717285	2.335693120956421	0	9729	2.509414495744132
1400	3509	0.40573835372924805	2.7414321899414062	0	8756	2.4945868945868948
1600	3973	0.45778560638427734	3.19921875	0	9822	2.4715651736285857
1800	3995	0.46003127098083496	3.6592514514923096	0	9634	2.410910910910911
2000	4195	0.47928333282470703	4.138535737991333	0	9901	2.359628217349857
2200	4123	0.47521400451660156	4.613751173019409	0	9891	2.3983996120271582
2400	4304	0.49461865425109863	5.1083714962005615	0	10032	2.3303135888501743
2600	3919	0.45404934883117676	5.562422513961792	0	9408	2.4
2800	3998	0.46306419372558594	6.025488376617432	1	9134	2.2840710177544388
3000	4368	0.5023171901702881	6.527807235717773	1	9770	2.2362096589608607
3200	3940	0.4564628601074219	6.98427152633667	0	8856	2.2471453945699063
3400	4040	0.4683041572570801	7.452577352523804	0	9121	2.257114575600099
3600	4213	0.486222505569458	7.9388017654418945	0	9312	2.2097769340294255
3800	3826	0.4451887607574463	8.383991718292236	0	8594	2.2456232035536976
4000	4640	0.5523867607116699	8.936380386352539	0	10068	2.1693600517129927
4200	4134	0.4774210453033447	9.413803100585938	0	8966	2.1683192261185007
4400	4708	0.5776424407958984	9.99144721031189	3	10136	2.1524739859842854
4600	4955	0.592562198638916	10.58401107788086	2	10488	2.116222760290557
4800	4861	0.5667920112609863	11.15080451965332	1	10313	2.1211435623200328
5000	4543	0.5302693843841553	11.681076049804688	2	9488	2.0880281690140845
5200	4766	0.5602843761444092	12.24136233329773	0	9982	2.093979441997063
5400	4719	0.5527708530426025	12.794134855270386	2	9907	2.0989406779661017
5600	4435	0.5242242813110352	13.318361520767212	0	9315	2.099864743011722
5800	4762	0.5560498237609863	13.87441349029541	1	9885	2.075372664287214
6000	4907	0.5704176425933838	14.444833040237427	3	10131	2.0641809290953543
6200	4708	0.5504462718963623	14.995280742645264	3	9735	2.067317901889998
6400	5133	0.5960941314697266	15.591376543045044	1	10497	2.0446045968056095
6600	5325	0.6151154041290283	16.206493616104126	5	10866	2.040180247840781
6800	4785	0.5568456649780273	16.763340950012207	3	9874	2.063100710405349
7000	5085	0.5940988063812256	17.357441663742065	3	10336	2.0322453794730633
7200	5085	0.598524808883667	17.955968141555786	0	10236	2.0125835627211957
7400	4615	0.5443577766418457	18.500327348709106	1	9685	2.0981369150779896
7600	4878	0.5671627521514893	19.06749176979065	1	9774	2.0032793605246977
7800	4980	0.5809049606323242	19.648398399353027	1	10143	2.0363380847219434
8000	4876	0.5721695423126221	20.22057032585144	2	9807	2.0108673364773426
8200	5009	0.5895705223083496	20.81014323234558	1	10183	2.0325349301397204
8400	5217	0.6080543994903564	21.41819977760315	0	10371	1.987543119969337
8600	4880	0.572455883026123	21.990657329559326	2	9753	1.9981561155500922
8800	4819	0.5691075325012207	22.55976700782776	1	9719	2.016390041493776
9000	5317	0.6189301013946533	23.178698301315308	2	10342	1.9447160586686725
9200	4748	0.5567266941070557	23.735426902770996	1	9568	2.014739945251632
9400	5325	0.6222994327545166	24.357728004455566	1	10454	1.9628238828389035
9600	5501	0.6411271095275879	24.998856782913208	3	10830	1.9683751363140676
9800	4700	0.5555307865142822	25.554389476776123	4	9666	2.0561582641991065
10000	5097	0.598536491394043	26.15292763710022	3	10031	1.9676343664182032
10200	5236	0.611929178237915	26.76485848426819	1	10327	1.971930494557953
10400	5185	0.608497142791748	27.37335753440857	6	10306	1.9872734284612419
10600	4955	0.5847194194793701	27.958078861236572	3	9991	2.015940274414851
10800	4984	0.587045431137085	28.545125484466553	4	9834	1.9727181544633903
11000	4926	0.5787248611450195	29.123852252960205	1	9758	1.9805155266896692
11200	5252	0.6177387237548828	29.74159264564514	2	10418	1.9832476679992386
11400	5487	0.6387436389923096	30.380338191986084	2	10430	1.9005102040816326
11600	5506	0.6422848701477051	31.022624969482422	3	10625	1.9293626293807882
11800	5369	0.6270134449005127	31.64963984489441	2	10402	1.9370577281191805
12000	5210	0.6113476753234863	32.26098990440369	1	10059	1.9303396660909615
12200	5547	0.6474306583404541	32.90842247009277	1	10794	1.9455659697188177
12400	4447	0.5289523601531982	33.437376976013184	1	8974	2.0175359712230216
12600	5011	0.5938189029693604	34.031198024749756	2	9696	1.9345570630486832
12800	5488	0.6411209106445312	34.6723210811615	5	10791	1.965931863727455
13000	4875	0.5689296722412109	35.24125361442566	2	9510	1.950369155045119
13200	5254	0.6156058311462402	35.856860876083374	2	10124	1.926546146527117
13400	4549	0.5372848510742188	36.394147634506226	1	9264	2.036043956043956
13600	5673	0.6577906608581543	37.05194020271301	4	10832	1.9090588649982376
13800	4798	0.5649044513702393	37.616846323013306	0	9448	1.9687434882267139
14000	5087	0.6023139953613281	38.21916198730469	1	9840	1.9339622641509433
14200	5462	0.6412222385406494	38.86038613319397	3	10503	1.9225700164744646
14400	5307	0.6221067905426025	39.48249435424805	4	10382	1.9559155990957047
14600	5537	0.6446652412414551	40.127161264419556	1	10544	1.9039364391477067
14800	5429	0.6373624801635742	40.76452565193176	1	10298	1.8965009208103132
15000	5169	0.6048731803894043	41.36940050125122	3	9978	1.929980657640232
15200	5676	0.6642365455627441	42.0336389541626	3	10817	1.9054077858023604
15400	4985	0.5847206115722656	42.61836266517639	2	9697	1.94484556758925
15600	5440	0.6403646469116211	43.258729219436646	1	10474	1.92501378423084
15800	5314	0.620607852935791	43.87933921813965	1	10224	1.923612417685795
16000	5540	0.6474578380584717	44.526798725128174	6	10376	1.872586175780545
16200	5922	0.6883516311645508	45.21515250205994	5	11349	1.9160898193483031
16400	5170	0.605426549911499	45.82058072090149	4	10002	1.9342486946432025
16600	5167	0.6033999919891357	46.42398238182068	1	9965	1.9282120743034055
16800	5204	0.611135721206665	47.0351197719574	2	10042	1.9292987512007684
17000	4905	0.5790503025054932	47.614171504974365	0	9534	1.9433346922136159
17200	4905	0.5792887210845947	48.193461894989014	2	9698	1.9767631471667346
17400	5415	0.632335901260376	48.825799226760864	3	10386	1.9176514032496308
17600	5837	0.6790101528167725	49.50481152534485	1	10940	1.8739294278862624
17800	5508	0.6428906917572021	50.147703647613525	3	10398	1.8874568887275367
18000	5295	0.6225998401641846	50.77030539512634	5	10380	1.9599697885196374
18200	5391	0.6322002410888672	51.40251302719116	3	10374	1.9239614243323442
18400	5289	0.6186501979827881	52.02116560935974	4	10065	1.9026465028355388
18600	4678	0.5586857795715332	52.5798544883728	0	9251	1.977131865783287
18800	5960	0.6922340393066406	53.27208995819092	5	11121	1.8656265727226975
19000	4889	0.5793106555938721	53.851401805877686	1	9622	1.9676891615541923
19200	5346	0.6313340663909912	54.48273777961731	2	10233	1.9137834299607257
19400	5406	0.6365046501159668	55.11924409866333	4	10348	1.9138154244497874
19600	5172	0.6098058223724365	55.72905158996582	4	10010	1.9350473612990529
19800	5466	0.6395256519317627	56.36857891082764	4	10357	1.8944576550210352
20000	5376	0.6302993297576904	56.99887990951538	2	10402	1.9345359866096337
20200	5435	0.6381003856658936	57.63698220252991	4	10424	1.9175864606328183
20400	5077	0.5987944602966309	58.23577857017517	2	9750	1.9200472627018512
20600	5853	0.683943510055542	58.91972374916077	3	11032	1.8845234028015032
20800	5435	0.6361463069915771	59.55587196350098	6	10295	1.8938557763061075
21000	5424	0.6367030143737793	60.19257640838623	4	10479	1.9316129032258065
21200	4876	0.5773000717163086	60.76987814903259	1	9460	1.9397170391634202
21400	5191	0.6067385673522949	61.37661814689636	5	9900	1.9067796610169492
21600	5537	0.6494371891021729	62.026057720184326	3	10523	1.9001444564824848
21800	5559	0.6535720825195312	62.679632902145386	2	10544	1.8964028776978417
22000	6043	0.7030587196350098	63.38269352912903	4	11577	1.9154533421575115
22200	5466	0.6397829055786133	64.02247786521912	3	10472	1.9154929577464788
22400	5480	0.6403424739837646	64.66282248497009	3	10510	1.9175332968436416
22600	5363	0.6275651454925537	65.29038906097412	2	10313	1.9226323639075318
22800	5917	0.6907734870910645	65.98116445541382	2	11263	1.903176748901656
23000	5079	0.5984354019165039	66.57960152626038	4	9908	1.9503937007874015
23200	5676	0.6633405685424805	67.24294400215149	4	10929	1.925136515765369
23400	5296	0.6254785060882568	67.8684241771698	3	9971	1.882386256371531
23600	4980	0.5916934013366699	68.4601194858551	1	9778	1.9630596265810079
23800	6009	0.7006540298461914	69.16077518463135	5	11284	1.8775374376039933
24000	6148	0.7137675285339355	69.87454509735107	5	11649	1.894454382826476
24200	5636	0.6590685844421387	70.53361535072327	3	10609	1.8820294482880966
24400	5333	0.6269495487213135	71.16056704521179	2	10162	1.9051368578927634
24600	5512	0.6484086513519287	71.80897736549377	4	10575	1.9181933611463813
24800	5521	0.6477959156036377	72.45677518844604	4	10621	1.9233973198116625
25000	5372	0.6304538249969482	73.08723068237305	4	10393	1.9343011353061603
25200	5340	0.6286478042602539	73.71588063240051	3	10261	1.9211758097734506
25400	5594	0.6563539505004883	74.37223625183105	3	10680	1.9088471849865951
25600	5390	0.6346230506896973	75.00686144828796	5	10249	1.9011315154887776
25800	5999	0.7008252143859863	75.70769023895264	4	11252	1.8753333333333333
26000	5674	0.665001630783081	76.37269377708435	4	10837	1.909603524229075
26200	4903	0.5804734230041504	76.95316910743713	3	9413	1.9194535073409462
26400	5733	0.6705505847930908	77.62372088432312	5	10908	1.9023369375653993
26600	5322	0.631878137588501	78.25560140609741	1	10281	1.9314296449370656
26800	5608	0.6579642295837402	78.9135673046112	1	10640	1.8969513282224995
27000	5341	0.6290779113769531	79.54264712333679	3	10175	1.904717334331711
27200	5009	0.5954487323760986	80.13809728622437	3	9634	1.9229540918163672
27400	4923	0.5903220176696777	80.72842144966125	2	9486	1.9264825345247767
27600	5202	0.6110444068908691	81.33946800231934	4	10120	1.945031712473573
27800	5093	0.6005311012268066	81.94000124931335	1	9748	1.9136238712210443
28000	5785	0.6764976978302002	82.61650037765503	3	11004	1.9018320082958866
28200	5829	0.6846745014190674	83.30117678642273	4	11076	1.899828473413379
28400	5546	0.6548995971679688	83.95607852935791	1	10562	1.9040923021453038
28600	5013	0.5912322998046875	84.54731273651123	3	9757	1.9459513362584762
28800	6442	0.7458336353302002	85.2931489944458	5	11852	1.8395157535309639
29000	5602	0.653862714767456	85.94701409339905	2	10660	1.902552204176334
29200	5162	0.609095573425293	86.55611157417297	0	10014	1.9395700174317256
29400	5347	0.627300500869751	87.18341398239136	3	10357	1.9366118175018698
29600	5553	0.6523058414459229	87.83572244644165	2	10600	1.908534389629096
29800	5406	0.6364154815673828	88.47214078903198	5	10350	1.914185315331977
30000	4984	0.5883173942565918	89.06045985221863	3	9661	1.9380140421263792
30200	5833	0.681227445602417	89.74169111251831	5	11049	1.893897840246829
30400	4934	0.5840315818786621	90.3257257938385	1	9569	1.9390070921985816
30600	5766	0.6741988658905029	90.99992632865906	2	10929	1.8950927692040922
30800	5446	0.6397814750671387	91.63971018791199	2	10339	1.8981090508536809
31000	5869	0.6838016510009766	92.32351350784302	7	10805	1.8407155025553663
31200	5346	0.6314876079559326	92.955002784729	3	10186	1.9049934542734244
31400	5570	0.655407190322876	93.61041188240051	4	10480	1.8811703464369054
31600	5536	0.6470422744750977	94.25745630264282	2	10517	1.899404009391367
31800	5078	0.5994906425476074	94.8569483757019	5	9788	1.9271510139791297
32000	5470	0.6434502601623535	95.50040006637573	2	10335	1.8890513617254616
32200	5057	0.5994105339050293	96.09981203079224	2	9760	1.929616449189403
32400	4734	0.5613243579864502	96.66113781929016	1	9263	1.9562829989440338
32600	5287	0.6204268932342529	97.28156638145447	3	10110	1.911875945537065
32800	5388	0.6443705558776855	97.9259386062622	1	10355	1.9215067730562256
33000	5731	0.6720190048217773	98.59795904159546	7	10869	1.8961967899511514
33200	5558	0.6469318866729736	99.24489235877991	7	10629	1.9120345385860766
33400	5055	0.59197998046875	99.83687376976013	3	9608	1.9003164556962024
33600	5042	0.5961096286773682	100.43298554420471	1	9872	1.9575649415030736
33800	4968	0.5861823558807373	101.01916980743408	1	9668	1.945663111289998
34000	5225	0.6169612407684326	101.63613224029541	2	10035	1.9202066590126292
34200	5576	0.6555123329162598	102.29164600372314	3	10485	1.8800430338891878
34400	5751	0.6737930774688721	102.96544170379639	4	10728	1.8650904033379694
34600	5028	0.594980001449585	103.56042551994324	5	9758	1.9403459932392126
34800	5444	0.6387393474578857	104.19916677474976	5	10364	1.9033976124885217
35000	5644	0.6593289375305176	104.8584976196289	4	10514	1.862533215234721
35200	5481	0.638261079788208	105.49676012992859	3	10546	1.9237504560379424
35400	5499	0.6446394920349121	106.14140176773071	7	10341	1.8801818181818182
35600	5352	0.6290981769561768	106.77050161361694	8	10137	1.8937044647861012
35800	5523	0.644841194152832	107.41534423828125	1	10566	1.9127443881245474
36000	5492	0.6438632011413574	108.05920886993408	3	10497	1.9109776078645548
36200	5767	0.6750566959381104	108.73426723480225	5	10912	1.8918169209431346
36400	5787	0.6702735424041748	109.40454268455505	3	10931	1.8885625431928128
36600	5560	0.6540141105651855	110.05855917930603	0	10582	1.9028951627405144
36800	6073	0.7071943283081055	110.76575517654419	7	11526	1.8975963121501482
37000	5344	0.6232173442840576	111.3889741897583	0	10475	1.95977549111319
37200	5348	0.6282317638397217	112.01720762252808	2	10013	1.8719386801271265
37400	5379	0.6259739398956299	112.64318346977234	2	10312	1.916728624535316
37600	5651	0.6660139560699463	113.30919909477234	3	10695	1.8922505307855626
37800	5215	0.6147289276123047	113.9239296913147	1	10117	1.9396088957055215
38000	5106	0.6058225631713867	114.52975368499756	1	9843	1.927354611317799
38200	5796	0.6783337593078613	115.2080888748169	4	10977	1.8935656373986545
38400	5377	0.6322031021118164	115.84029412269592	2	10245	1.9049832651543324
38600	5617	0.6581249237060547	116.49842095375061	4	10651	1.895870416518334
38800	5066	0.5945501327514648	117.09297275543213	3	9879	1.9496743635287153
39000	5682	0.6661591529846191	117.75913310050964	6	10764	1.894070033433046
39200	5465	0.6417407989501953	118.40087556838989	3	10388	1.9004756677643615
39400	5347	0.6277387142181396	119.02861618995667	1	10278	1.9218399401645474
39600	5762	0.6730844974517822	119.7017023563385	3	10770	1.868818323789693
39800	5949	0.6929774284362793	120.39468121528625	5	11188	1.8803361344537814
40000	5584	0.6547050476074219	121.04938840866089	4	10721	1.9196060877350045
40200	4877	0.5749478340148926	121.62434005737305	2	9497	1.9469044690446904
40400	5727	0.6709873676300049	122.29532885551453	5	10918	1.9060754189944134
40600	5819	0.6795608997344971	122.97489142417908	8	11024	1.8941580756013745
40800	6016	0.7001907825469971	123.67508387565613	2	11151	1.8532491274721623
41000	5665	0.6594147682189941	124.33450055122375	3	10778	1.9022237910342392
41200	5419	0.6336777210235596	124.96818041801453	4	10416	1.921771217712177
41400	5393	0.632441520690918	125.60062408447266	5	10307	1.910826844642195
41600	5553	0.6500434875488281	126.2506697177887	4	10545	1.8986316168527189
41800	5338	0.6272146701812744	126.87788558006287	6	10171	1.9050383967035025
42000	5662	0.6650824546813965	127.54296970367432	5	10718	1.8926364117958678
42200	5396	0.6389102935791016	128.1818814277649	4	10201	1.890124143042431
42400	5469	0.6453108787536621	128.8271939754486	5	10287	1.8806215722120658
42600	5937	0.7035865783691406	129.5307822227478	5	11206	1.8871673964297744
42800	4813	0.5772044658660889	130.1079888343811	0	9450	1.9630245118404652
43000	5233	0.6150181293487549	130.7230086326599	2	10070	1.9239587313717998
43200	5806	0.678002119064331	131.4010124206543	5	10959	1.8872050972963665
43400	5544	0.6545836925506592	132.05559754371643	2	10506	1.8946798917944094
43600	5630	0.6612086296081543	132.71680808067322	6	10691	1.8985970520333866
43800	5323	0.6206941604614258	133.33750414848328	2	10006	1.8794139744552967
44000	5419	0.6345410346984863	133.97204685211182	3	10408	1.9202952029520295
44200	5888	0.6908512115478516	134.66290020942688	8	11106	1.8858889454915946
44400	5866	0.689061164855957	135.3519628047943	6	10973	1.8702914607124594
44600	5352	0.6333322525024414	135.9852967262268	4	10355	1.9344292919858024
44800	5571	0.6541492938995361	136.6394476890564	4	10451	1.8756281407035176
45000	5418	0.6366863250732422	137.27613592147827	1	10376	1.91474441778926
45200	5827	0.6832764148712158	137.95941424369812	3	10811	1.8550102951269731
45400	5043	0.5964374542236328	138.55585384368896	2	9605	1.9042426645519428
45600	5782	0.6761288642883301	139.23198437690735	5	11007	1.9033373681480201
45800	5511	0.6458101272583008	139.8777961730957	3	10559	1.9156386066763424
46000	6438	0.7522518634796143	140.63004970550537	8	12212	1.8965677900295077
46200	5784	0.6775870323181152	141.30763864517212	3	10826	1.8713915298184962
46400	5773	0.6751093864440918	141.98275065422058	3	10814	1.8728784205057152
46600	6177	0.7183024883270264	142.70105600357056	8	11477	1.8577209452897379
46800	5703	0.6713259220123291	143.37238335609436	4	10739	1.8827138849929874
47000	5632	0.6607589721679688	144.03314399719238	5	10601	1.8819456772590095
47200	5305	0.6230804920196533	144.6562261581421	3	10064	1.8967206935544667
47400	6080	0.7069497108459473	145.3631772994995	7	11563	1.9014964643973031
47600	5817	0.678544282913208	146.0417230129242	1	11002	1.8910278446201443
47800	5390	0.6369838714599609	146.67870831489563	1	10230	1.897607122982749
48000	5684	0.6637475490570068	147.34245777130127	0	10729	1.8872471416007035
48200	5649	0.6627480983734131	148.0052080154419	3	10707	1.8950442477876106
48400	5519	0.6484613418579102	148.65367102622986	2	10371	1.878804347826087
48600	5179	0.6087512969970703	149.2624237537384	3	9880	1.9073359073359073
48800	5541	0.6500489711761475	149.91247415542603	5	10360	1.869361241429087
49000	5583	0.6581175327301025	150.57059335708618	4	10610	1.9000716332378222
49200	5301	0.6232483386993408	151.193843126297	6	10306	1.9437947944172012
49400	5371	0.6297149658203125	151.82355999946594	2	10241	1.9063663440059568
49600	5615	0.6622083187103271	152.4857702255249	2	10417	1.8548789173789173
49800	5628	0.656475305557251	153.1422474384308	3	10648	1.891632616805827
50000	5833	0.6808032989501953	153.82305216789246	7	11204	1.9204662324305795
50200	5828	0.679560661315918	154.502614736557	4	11067	1.89861039629439
50400	5585	0.6516315937042236	155.15424752235413	4	10686	1.9129967776584318
50600	5932	0.6980831623077393	155.8523325920105	3	11156	1.8803303556379571
50800	5001	0.5908639430999756	156.44319820404053	1	9799	1.959016393442623
51000	5145	0.6054821014404297	157.048681974411	3	9942	1.9319860085503304
51200	5628	0.6604194641113281	157.7091031074524	3	10672	1.8958962515544502
51400	5497	0.6541745662689209	158.36327958106995	7	10453	1.9012368133866862
51600	5666	0.673290491104126	159.03657126426697	5	10554	1.8623610375860244
51800	5384	0.6320827007293701	159.66865587234497	3	10058	1.8677808727948004
52000	5574	0.6582539081573486	160.32691144943237	3	10585	1.8986547085201795
52200	5400	0.6353797912597656	160.9622929096222	3	10138	1.877059803740048
52400	5390	0.6320967674255371	161.59439182281494	2	10320	1.9143016138007791
52600	5714	0.6696207523345947	162.26401448249817	5	10633	1.8605424321959756
52800	5870	0.6819369792938232	162.9459536075592	9	11115	1.8932038834951457
53000	5569	0.6495921611785889	163.59554719924927	5	10442	1.874685816876122
53200	5267	0.6204977035522461	164.21604657173157	1	10122	1.9214123006833712
53400	5566	0.6533989906311035	164.8694474697113	4	10454	1.8778516256511586
53600	5699	0.6659221649169922	165.5353720188141	3	10811	1.8966666666666667
53800	5574	0.6577858924865723	166.19316148757935	2	10596	1.900627802690583
54000	5126	0.6065883636474609	166.7997510433197	2	9973	1.9451921201482347
54200	5393	0.6339302062988281	167.43368339538574	3	10349	1.9186132740081572
54400	5940	0.6944973468780518	168.12818241119385	8	11225	1.889412556808618
54600	5286	0.6225624084472656	168.75074696540833	4	10116	1.9133724229241535
54800	5783	0.6767532825469971	169.42750191688538	6	10913	1.8867565698478561
55000	4974	0.5897445678710938	170.01724815368652	2	9587	1.9270351758793969
55200	5532	0.6519310474395752	170.66918087005615	6	10404	1.880354238207121
55400	5451	0.645805835723877	171.3149881362915	3	10450	1.9167278063096111
55600	5603	0.658090353012085	171.97308039665222	7	10539	1.8806209850107067
55800	5640	0.6596736907958984	172.63275575637817	2	10663	1.890267683034923
56000	5583	0.6538100242614746	173.28656792640686	1	10569	1.8927292263610316
56200	5865	0.6887843608856201	173.9753541946411	6	10908	1.8595294919877259
56400	6223	0.7277431488037109	174.7030987739563	8	11597	1.863271208226221
56600	5922	0.6986021995544434	175.40170311927795	5	11175	1.8867128144521357
56800	5522	0.650836706161499	176.0525414943695	4	10332	1.870722433460076
57000	5382	0.6322531700134277	176.68479681015015	4	10214	1.8974549507709455
57200	4805	0.5687777996063232	177.25357580184937	2	9247	1.924053266749896
57400	5295	0.6250696182250977	177.87864756584167	2	10122	1.9112537764350452
57600	5030	0.5977818965911865	178.47643160820007	1	9682	1.9244682965613198
57800	5579	0.6554145812988281	179.13184785842896	4	10709	1.9191756272401435
58000	5686	0.6712260246276855	179.80307602882385	3	10763	1.8925619834710743
58200	5903	0.6875267028808594	180.49060487747192	5	10992	1.8617886178861789
58400	5183	0.6097683906555176	181.1003749370575	2	10017	1.9322916666666667
58600	5215	0.6149802207946777	181.71535634994507	1	10026	1.9221625766871167
58800	5684	0.6669504642486572	182.38230895996094	4	10858	1.909938434476693
59000	6040	0.706275224685669	183.08858561515808	2	11352	1.879159079622579
59200	5414	0.6362180709838867	183.7248055934906	2	10307	1.903416435826408
59400	5446	0.6421477794647217	184.36695551872253	4	10286	1.8883789241784468
59600	5065	0.5992658138275146	184.96622276306152	3	9671	1.909001184366364
59800	5438	0.6413729190826416	185.6075975894928	2	10412	1.9143224857510572
60000	5693	0.6677987575531006	186.27539801597595	3	10593	1.8603793466807166
60200	5076	0.602161169052124	186.8775610923767	3	9769	1.924167815639157
60400	5260	0.6237010955810547	187.5012640953064	1	10143	1.927960463790154
60600	5334	0.63142991065979	188.13269567489624	5	10240	1.9194001874414246
60800	6224	0.7300906181335449	188.86278796195984	7	11619	1.8665060240963856
61000	5316	0.6269583702087402	189.4897484779358	1	10203	1.918939251457589
61200	5334	0.6313529014587402	190.12110304832458	5	10050	1.8837863167760076
61400	5145	0.6098053455352783	190.73090982437134	3	10058	1.9545277885736494
61600	5781	0.6759612560272217	191.40687322616577	5	10908	1.8865444482877898
61800	5633	0.657508373260498	192.06438446044922	2	10605	1.882321618743344
62000	5882	0.6877598762512207	192.7521460056305	4	11034	1.8755736868944417
62200	5923	0.6887295246124268	193.44087743759155	5	11048	1.864956110735989
62400	5767	0.6754379272460938	194.11631751060486	2	10810	1.874133148404993
62600	5790	0.6807434558868408	194.7970631122589	1	10914	1.8846485926437575
62800	5299	0.6249656677246094	195.42203044891357	3	10134	1.9120754716981132
63000	5383	0.6353356838226318	196.05736827850342	4	10313	1.9154903417533433
63200	5077	0.6021199226379395	196.65948963165283	5	9857	1.9411185506104767
63400	5857	0.6894807815551758	197.34897255897522	3	11075	1.8905769887333561
63600	5730	0.669968843460083	198.01894307136536	4	10872	1.8970511254580353
63800	5625	0.6591589450836182	198.67810368537903	5	10564	1.8777106292214718
64000	5325	0.6226320266723633	199.30073738098145	4	10249	1.924333458505445
64200	5678	0.6655154228210449	199.96625471115112	3	10678	1.880260609262194
64400	5861	0.6879863739013672	200.65424299240112	5	10954	1.868645513476629
64600	5601	0.6594247817993164	201.31366968154907	3	10849	1.9366297750803285
64800	5624	0.659188985824585	201.97286081314087	2	10707	1.9034666666666666
65000	5415	0.6333768367767334	202.60623955726624	4	10251	1.892725258493353
65200	5502	0.6440761089324951	203.25031805038452	4	10375	1.8853352716699983
65400	5167	0.6061711311340332	203.85649037361145	2	9843	1.9046052631578947
65600	5813	0.6762504577636719	204.53274250030518	3	10870	1.869625042999656
65800	5472	0.6424777507781982	205.17522192001343	3	10478	1.9144893111638954
66000	5501	0.6467053890228271	205.82192969322205	3	10315	1.8747728098873138
66200	5424	0.6374905109405518	206.45942211151123	3	10410	1.9188940092165898
66400	5190	0.614403486251831	207.0738275051117	3	9908	1.908688114043537
66600	5022	0.5939345359802246	207.66776394844055	1	9705	1.9321122834959188
66800	5713	0.6707673072814941	208.33853268623352	4	10836	1.896394819740987
67000	5521	0.6466569900512695	208.98519110679626	4	10468	1.895689967403115
67200	5927	0.6924939155578613	209.67768669128418	7	11003	1.85610661268556
67400	5266	0.6210229396820068	210.2987117767334	3	10184	1.9335485095880007
67600	5661	0.6638665199279785	210.96258020401	3	10580	1.868597668668315
67800	5542	0.651618480682373	211.61420106887817	3	10504	1.8950027061158217
68000	5611	0.6555719375610352	212.26977515220642	3	10658	1.899144689950107
68200	5643	0.6596503257751465	212.9294273853302	2	10784	1.9107016300496102
68400	5973	0.6940090656280518	213.6234381198883	3	11208	1.8761298962169402
68600	5583	0.6470470428466797	214.27048778533936	1	10495	1.879477077363897
68800	5437	0.6373422145843506	214.90783166885376	4	10401	1.9126517101875689
69000	5788	0.6770882606506348	215.58492231369019	5	10927	1.8875453446191053
69200	5849	0.6831972599029541	216.2681212425232	7	11023	1.8842735042735044
69400	5785	0.6800754070281982	216.94819831848145	5	10844	1.8741790528862772
69600	5791	0.6769661903381348	217.62516617774963	6	10995	1.8983080110497237
69800	5221	0.6188268661499023	218.2439947128296	1	9979	1.910953657602451
70000	5637	0.6592698097229004	218.90326642990112	3	10462	1.855622561191912
70200	5848	0.6824746131896973	219.58574271202087	4	10891	1.8620276970422294
70400	5534	0.647291898727417	220.23303699493408	5	10488	1.894850948509485
70600	4968	0.5884284973144531	220.82146883010864	3	9701	1.952304286576776
70800	5546	0.648813009262085	221.47028350830078	1	10512	1.8950784207679827
71000	5677	0.6648766994476318	222.13516211509705	5	10708	1.8858753082071151
71200	5354	0.6306538581848145	222.7658176422119	1	10149	1.8952380952380952
71400	5722	0.6689817905426025	223.43480110168457	5	10981	1.918748907915429
71600	5374	0.6312460899353027	224.06604886054993	1	10201	1.8978604651162791
71800	5594	0.6573734283447266	224.7234241962433	0	10561	1.8875781948168007
72000	6049	0.7059226036071777	225.4293487071991	3	11287	1.8656198347107438
72200	5175	0.6093418598175049	226.03869223594666	2	10047	1.9410741885625966
72400	5850	0.6841270923614502	226.72282075881958	1	11092	1.895744317210733
72600	5596	0.6550107002258301	227.37783288955688	4	10639	1.900839735572628
72800	6321	0.7377607822418213	228.1155948638916	3	11902	1.8826320784561847
73000	5800	0.6782679557800293	228.79386448860168	5	10908	1.880365454232029
73200	5408	0.6301684379577637	229.42403483390808	1	10176	1.8813089295618415
73400	5415	0.6332776546478271	230.05731391906738	4	10280	1.89807976366322
73600	5748	0.6745293140411377	230.73184537887573	4	10788	1.8765002609149417
73800	5238	0.6170508861541748	231.34889793395996	4	10160	1.9393013933956862
74000	5408	0.6380093097686768	231.98690915107727	2	10263	1.8973932334997228
74200	5920	0.6914710998535156	232.67838191986084	2	10957	1.8505320047289309
74400	5639	0.6673336029052734	233.34571743011475	1	10619	1.8828014184397164
74600	6058	0.7086312770843506	234.05435013771057	3	11343	1.8720911041425978
74800	5629	0.6606667041778564	234.71501874923706	3	10700	1.9005328596802842
75000	5432	0.641334056854248	235.35635423660278	4	10357	1.906313270752807
75200	5251	0.6299698352813721	235.9863259792328	0	10135	1.9297410510281798
75400	5545	0.6567304134368896	236.64305806159973	1	10556	1.9033537684817887
75600	5110	0.6052231788635254	237.2482831478119	3	9774	1.9123459205634905
75800	5667	0.662123441696167	237.91040802001953	5	10620	1.8736767819336626
76000	5421	0.6348192691802979	238.54522919654846	4	10389	1.9160826263371449
76200	5283	0.6215229034423828	239.16675400733948	3	10164	1.923542770628312
76400	5508	0.6448378562927246	239.8115930557251	2	10353	1.8792884371029226
76600	5418	0.6370384693145752	240.4486334323883	2	10438	1.9261856431075843
76800	5474	0.6473562717437744	241.09599113464355	3	10452	1.909041095890411
77000	5560	0.6504480838775635	241.74644136428833	4	10413	1.8725049451537494
77200	6041	0.7057468891143799	242.45218968391418	5	11346	1.8778550148957298
77400	5616	0.660210371017456	243.11240100860596	0	10630	1.8924692896564002
77600	5673	0.6645298004150391	243.77693271636963	3	10891	1.9194571730701446
77800	5778	0.6761369705200195	244.4530713558197	2	10846	1.8767952933033396
78000	5674	0.6646339893341064	245.11770701408386	4	10590	1.866079295154185
78200	4841	0.5743715763092041	245.6920804977417	3	9399	1.9411400247831474
78400	5943	0.698167085647583	246.39024901390076	7	11029	1.8554845222072678
78600	5777	0.6795775890350342	247.069828748703	3	10924	1.890619591554171
78800	5369	0.6323492527008057	247.70217943191528	3	10398	1.9363128491620112
79000	5554	0.6537892818450928	248.35597014427185	3	10499	1.89000900090009
79200	6008	0.7028591632843018	249.05883073806763	4	11300	1.8805125644866034
79400	6000	0.703345537185669	249.76217770576477	4	11182	1.8633561073154474
79600	5637	0.663428783416748	250.42560839653015	5	10725	1.902270308620078
79800	4994	0.593224287033081	251.0188343524933	1	9714	1.9447447447447448
80000	5167	0.6092827320098877	251.6281189918518	3	9941	1.9235681114551084
80200	5615	0.6587116718292236	252.28683519363403	2	10512	1.8717948717948718
80400	5380	0.635082483291626	252.9219195842743	0	10077	1.8727002415907823
80600	5430	0.6471023559570312	253.56902360916138	2	10356	1.9068311544835206
80800	5520	0.6460988521575928	254.2151243686676	1	10506	1.902916138380728
81000	5620	0.6593465805053711	254.87447261810303	2	10548	1.87653442447963
81200	5621	0.656501293182373	255.53097581863403	2	10593	1.884204909284952
81400	5289	0.621647834777832	256.1526253223419	3	10116	1.9122873345935727
81600	5992	0.7006309032440186	256.853257894516	7	11240	1.8755214416819623
81800	5423	0.637843132019043	257.49110317230225	3	10195	1.879609144542773
82000	5298	0.6213028430938721	258.1124076843262	1	9933	1.8745046235138705
82200	5824	0.6803944110870361	258.79280376434326	7	11040	1.8952789699570816
82400	5699	0.668428897857666	259.46123456954956	5	10646	1.8677192982456141
82600	5207	0.6112520694732666	260.07248854637146	1	9961	1.9126344086021505
82800	5043	0.6002228260040283	260.67271280288696	1	9597	1.9026566217287866
83000	5218	0.6222846508026123	261.2949995994568	2	10002	1.9164590917800346
83200	5833	0.6823840141296387	261.9773859977722	5	11017	1.8884127528282482
83400	5513	0.6492834091186523	262.6266710758209	1	10333	1.8739571998549147
83600	5589	0.6564178466796875	263.28309059143066	1	10626	1.9008944543828266
83800	6118	0.7093677520751953	263.99246048927307	6	11460	1.8728550416734762
84000	5407	0.6339495182037354	264.62641167640686	3	10401	1.9232618343195267
84200	6013	0.6988832950592041	265.3252971172333	3	11182	1.8593282341203858
84400	5400	0.6383028030395508	265.9636015892029	4	10259	1.8994630623958526
84600	5128	0.6121866703033447	266.57579016685486	2	9830	1.9165529342951841
84800	5509	0.6441504955291748	267.2199423313141	1	10344	1.8773139745916516
85000	5289	0.6220788955688477	267.84202313423157	1	10119	1.9128544423440454
85200	5574	0.6545634269714355	268.49658846855164	1	10614	1.9038565022421525
85400	5154	0.6081242561340332	269.1047143936157	0	9968	1.9336566440349177
85600	5871	0.6873281002044678	269.79204416275024	5	10956	1.8658038147138964
85800	4840	0.5737895965576172	270.36583518981934	1	9441	1.9502168973352614
86000	5811	0.6817831993103027	271.0476200580597	3	10822	1.8620096352374398
86200	5954	0.6945624351501465	271.74218463897705	4	11203	1.8812762384550799
86400	5827	0.680138349533081	272.4223246574402	5	10952	1.87920384351407
86600	5432	0.6390728950500488	273.0613992214203	2	10481	1.9291367568562487
86800	5672	0.6605417728424072	273.72194242477417	7	10705	1.887008637405253
87000	5388	0.6318228244781494	274.35376739501953	2	10281	1.9077750974206718
87200	5786	0.676084041595459	275.02985310554504	8	10836	1.8724727838258164
87400	5251	0.6210930347442627	275.65094804763794	2	10120	1.926884996191927
87600	5384	0.6332805156707764	276.2842299938202	2	10336	1.919405756731662
87800	5001	0.5932605266571045	276.8774926662445	3	9624	1.9240303878448621
88000	5322	0.6285555362701416	277.50604939460754	6	10033	1.884839376291565
88200	5402	0.6536448001861572	278.15969610214233	2	10328	1.9115306311308533
88400	5623	0.6591155529022217	278.8188135623932	5	10802	1.920697012802276
88600	5800	0.6794655323028564	279.4982805252075	2	10869	1.8736424754352698
88800	5425	0.6357691287994385	280.1340515613556	1	10328	1.9034279395503133
89000	5699	0.6713607311248779	280.8054139614105	2	10821	1.898421052631579
89200	5472	0.643162727355957	281.4485788345337	1	10295	1.8810524392472137
89400	5737	0.6699130535125732	282.11849331855774	2	10750	1.8734750784245382
89600	5618	0.662334680557251	282.7808299064636	5	10597	1.8859227620573056
89800	5859	0.6828129291534424	283.46364402770996	3	10951	1.8687713310580205
90000	5470	0.6400949954986572	284.10374116897583	4	10300	1.882653993785414
90200	5473	0.640648603439331	284.7443916797638	2	10298	1.8812568505663134
90400	5555	0.6501991748809814	285.39459252357483	3	10640	1.9150467962562996
90600	6062	0.704719066619873	286.09931325912476	6	11323	1.8675573148606301
90800	4967	0.5870862007141113	286.68640089035034	1	9514	1.9150563607085347
91000	5849	0.6810746192932129	287.3674774169922	2	10895	1.8623931623931624
91200	5528	0.6499788761138916	288.0174584388733	1	10575	1.9126424308193164
91400	5618	0.6592073440551758	288.67666959762573	6	10740	1.9113721302722904
91600	5551	0.6478443145751953	289.32451605796814	1	10519	1.8946325648414986
91800	5119	0.6000995635986328	289.92461705207825	3	9754	1.905078125
92000	5640	0.6625547409057617	290.58717346191406	2	10650	1.8879631271051232
92200	5288	0.6247403621673584	291.21191573143005	2	9995	1.8897712232936283
92400	5529	0.6502704620361328	291.86218786239624	3	10494	1.8976491862567813
92600	5366	0.6321048736572266	292.4942944049835	4	10173	1.8954723309111234
92800	5348	0.6344101428985596	293.12870621681213	4	10258	1.917741633950271
93000	5422	0.636455774307251	293.76516342163086	0	10191	1.8792181449382261
93200	4962	0.5850882530212402	294.35025358200073	4	9441	1.9022768486802337
93400	5391	0.6353232860565186	294.98557901382446	3	10194	1.8905786350148368
93600	5763	0.6746058464050293	295.66018629074097	6	10807	1.874913254684247
93800	5178	0.6195204257965088	296.2797086238861	1	10098	1.9497972581579455
94000	5663	0.6748449802398682	296.95455527305603	3	10548	1.8622881355932204
94200	6073	0.7105081081390381	297.66506481170654	3	11254	1.8528152782351004
94400	5668	0.6648497581481934	298.3299160003662	4	10560	1.8627623919562533
94600	5379	0.6318624019622803	298.96177983283997	2	10112	1.879553903345725
94800	4989	0.5894861221313477	299.55126762390137	4	9673	1.9384769539078157
95000	5419	0.6373651027679443	300.1886348724365	4	10259	1.8928044280442804
95200	5495	0.6469743251800537	300.83561086654663	4	10330	1.8795487627365357
95400	5602	0.6541574001312256	301.4897699356079	4	10514	1.8764947349634125
95600	5915	0.6901929378509521	302.17996525764465	5	11071	1.871365787694388
95800	5490	0.6460080146789551	302.82597517967224	7	10508	1.9136769258787105
96000	5464	0.6425809860229492	303.4685583114624	6	10300	1.8847209515096066
96200	5415	0.6331431865692139	304.1017036437988	2	10357	1.9122968980797637
96400	5188	0.6131808757781982	304.7148861885071	2	9960	1.9194449797648874
96600	5783	0.6748795509338379	305.3897681236267	5	10806	1.8682572614107884
96800	5624	0.6629836559295654	306.0527534484863	4	10774	1.9153777777777778
97000	6079	0.7114989757537842	306.76425433158875	6	11203	1.8425986842105264
97200	5359	0.6276113986968994	307.3918673992157	3	10176	1.8985074626865672
97400	6005	0.6987752914428711	308.0906445980072	5	11157	1.8576423576423577
97600	5165	0.6085972785949707	308.6992437839508	3	9937	1.9235385210994966
97800	5867	0.6843090057373047	309.38355445861816	3	10908	1.8588957055214723
98000	5535	0.6471812725067139	310.03073740005493	2	10431	1.8842124277456647
98200	5466	0.6414146423339844	310.67215394973755	2	10379	1.8984817998902506
98400	5142	0.8463015556335449	311.5184574127197	2	9808	1.9070581372739646
98600	5752	0.8275268077850342	312.3459870815277	2	10847	1.8854510690074744
98800	5444	0.7360994815826416	313.0820879936218	3	10314	1.894214876033058
99000	5612	0.6524667739868164	313.7345566749573	4	10526	1.8752895065027615
99200	5562	0.6494054794311523	314.3839638233185	9	10405	1.8703936724788783
99400	5399	0.6329879760742188	315.0169532299042	3	10206	1.89
99600	5539	0.6469361782073975	315.66389083862305	5	10594	1.912274368231047
99800	5514	0.6453371047973633	316.3092303276062	4	10513	1.9062556663644605
